Layer 1 my_weight is
[[ 3.47385606e-06  3.13802042e-06 -0.00000000e+00 -0.00000000e+00
   2.25330608e-06  1.48029774e-06 -0.00000000e+00  3.56375545e-06
  -2.76309097e-06  2.13810222e-06  0.00000000e+00  4.12774172e-06
   5.19531915e-08  3.66909876e-06  1.65933513e-06  5.14437951e-06
  -9.04774502e-07  0.00000000e+00  0.00000000e+00  0.00000000e+00
  -0.00000000e+00]
 [ 7.32373903e-06  6.61571529e-06 -0.00000000e+00 -0.00000000e+00
   4.75052087e-06  3.12083004e-06 -0.00000000e+00  7.51326896e-06
  -5.82527223e-06  4.50764292e-06  0.00000000e+00  8.70229011e-06
   1.09530047e-07  7.73535846e-06  3.49828469e-06  1.08456114e-05
  -1.90748616e-06  0.00000000e+00  0.00000000e+00  0.00000000e+00
  -0.00000000e+00]
 [ 5.92395132e-05  5.35125230e-05 -0.00000000e+00 -0.00000000e+00
   3.84255286e-05  2.52434516e-05 -0.00000000e+00  6.07725636e-05
  -4.71188678e-05  3.64609623e-05  0.00000000e+00  7.03901965e-05
   8.85955470e-07  6.25689785e-05  2.82965684e-05  8.77268756e-05
  -1.54290794e-05  0.00000000e+00  0.00000000e+00  0.00000000e+00
  -0.00000000e+00]
 [ 1.93104463e-05  1.74436055e-05 -0.00000000e+00 -0.00000000e+00
   1.25256618e-05  8.22866850e-06 -0.00000000e+00  1.98101784e-05
  -1.53594504e-05  1.18852674e-05  0.00000000e+00  2.29452612e-05
   2.88797030e-07  2.03957600e-05  9.22390028e-06  2.85965401e-05
  -5.02945405e-06  0.00000000e+00  0.00000000e+00  0.00000000e+00
  -0.00000000e+00]
 [ 1.77114720e-05  1.59992124e-05 -0.00000000e+00 -0.00000000e+00
   1.14884920e-05  7.54730521e-06 -0.00000000e+00  1.81698245e-05
  -1.40876328e-05  1.09011246e-05  0.00000000e+00  2.10453112e-05
   2.64883599e-07  1.87069179e-05  8.46012823e-06  2.62286439e-05
  -4.61299720e-06  0.00000000e+00  0.00000000e+00  0.00000000e+00
  -0.00000000e+00]
 [ 1.50568066e-05  1.36011873e-05 -0.00000000e+00 -0.00000000e+00
   9.76655146e-06  6.41608531e-06 -0.00000000e+00  1.54464595e-05
  -1.19761227e-05  9.26722097e-06  0.00000000e+00  1.78909569e-05
   2.25181800e-07  1.59030512e-05  7.19209081e-06  2.22973912e-05
  -3.92158297e-06  0.00000000e+00  0.00000000e+00  0.00000000e+00
  -0.00000000e+00]
 [-5.66116557e-05 -5.11387141e-05  0.00000000e+00  0.00000000e+00
  -3.67209769e-05 -2.41236552e-05  0.00000000e+00 -5.80767001e-05
   4.50286806e-05 -3.48435585e-05 -0.00000000e+00 -6.72676961e-05
  -8.46654594e-07 -5.97934263e-05 -2.70413361e-05 -8.38353221e-05
   1.47446474e-05 -0.00000000e+00 -0.00000000e+00 -0.00000000e+00
   0.00000000e+00]
 [ 3.54002847e-05  3.19779561e-05 -0.00000000e+00 -0.00000000e+00
   2.29622861e-05  1.50849547e-05 -0.00000000e+00  3.63164033e-05
  -2.81572424e-05  2.17883027e-05  0.00000000e+00  4.20636981e-05
   5.29428319e-07  3.73899030e-05  1.69094330e-05  5.24237321e-05
  -9.22009274e-06  0.00000000e+00  0.00000000e+00  0.00000000e+00
  -0.00000000e+00]
 [ 1.10149347e-05  9.95006399e-06 -0.00000000e+00 -0.00000000e+00
   7.14480362e-06  4.69374167e-06 -0.00000000e+00  1.12999885e-05
  -8.76123425e-06  6.77951416e-06  0.00000000e+00  1.30882814e-05
   1.64733657e-07  1.16340121e-05  5.26143508e-06  1.63118458e-05
  -2.86886731e-06  0.00000000e+00  0.00000000e+00  0.00000000e+00
  -0.00000000e+00]
 [ 2.31798631e-05  2.09389458e-05 -0.00000000e+00 -0.00000000e+00
   1.50355471e-05  9.87752468e-06 -0.00000000e+00  2.37797313e-05
  -1.84371688e-05  1.42668309e-05  0.00000000e+00  2.75430204e-05
   3.46666024e-07  2.44826515e-05  1.10721805e-05  3.43266995e-05
  -6.03725335e-06  0.00000000e+00  0.00000000e+00  0.00000000e+00
  -0.00000000e+00]
 [ 1.12479163e-06  1.01605220e-06 -0.00000000e+00 -0.00000000e+00
   7.29592642e-07  4.79302100e-07 -0.00000000e+00  1.15389994e-06
  -8.94654686e-07  6.92291056e-07  0.00000000e+00  1.33651172e-06
   1.68218009e-08  1.18800880e-06  5.37272194e-07  1.66568646e-06
  -2.92954794e-07  0.00000000e+00  0.00000000e+00  0.00000000e+00
  -0.00000000e+00]
 [ 2.37168011e-05  2.14239752e-05 -0.00000000e+00 -0.00000000e+00
   1.53838303e-05  1.01063275e-05 -0.00000000e+00  2.43305646e-05
  -1.88642471e-05  1.45973075e-05  0.00000000e+00  2.81810264e-05
   3.54696190e-07  2.50497672e-05  1.13286563e-05  3.51218425e-05
  -6.17710018e-06  0.00000000e+00  0.00000000e+00  0.00000000e+00
  -0.00000000e+00]
 [-2.18784054e-05 -1.97633068e-05  0.00000000e+00  0.00000000e+00
  -1.41913606e-05 -9.32294069e-06  0.00000000e+00 -2.24445933e-05
   1.74019946e-05 -1.34658047e-05 -0.00000000e+00 -2.59965886e-05
  -3.27202096e-07 -2.31080473e-05 -1.04505213e-05 -3.23993909e-05
   5.69828542e-06 -0.00000000e+00 -0.00000000e+00 -0.00000000e+00
   0.00000000e+00]
 [ 2.57639336e-05  2.32732009e-05 -0.00000000e+00 -0.00000000e+00
   1.67116965e-05  1.09786623e-05 -0.00000000e+00  2.64306745e-05
  -2.04925280e-05  1.58572844e-05  0.00000000e+00  3.06134918e-05
   3.85312044e-07  2.72119557e-05  1.23064973e-05  3.81534093e-05
  -6.71028097e-06  0.00000000e+00  0.00000000e+00  0.00000000e+00
  -0.00000000e+00]
 [ 2.38911202e-05  2.15814420e-05 -0.00000000e+00 -0.00000000e+00
   1.54969019e-05  1.01806093e-05 -0.00000000e+00  2.45093949e-05
  -1.90028998e-05  1.47045981e-05  0.00000000e+00  2.83881577e-05
   3.57303216e-07  2.52338837e-05  1.14119222e-05  3.53799890e-05
  -6.22250204e-06  0.00000000e+00  0.00000000e+00  0.00000000e+00
  -0.00000000e+00]
 [ 9.71137820e-06  8.77252903e-06 -0.00000000e+00 -0.00000000e+00
   6.29925569e-06  4.13826334e-06 -0.00000000e+00  9.96269748e-06
  -7.72439071e-06  5.97719622e-06  0.00000000e+00  1.15393558e-05
   1.45238341e-07  1.02571912e-05  4.63877338e-06  1.43814292e-05
  -2.52935275e-06  0.00000000e+00  0.00000000e+00  0.00000000e+00
  -0.00000000e+00]
 [ 6.09349851e-05  5.50440849e-05 -0.00000000e+00 -0.00000000e+00
   3.95252913e-05  2.59659350e-05 -0.00000000e+00  6.25119124e-05
  -4.84674393e-05  3.75044978e-05  0.00000000e+00  7.24048080e-05
   9.11312069e-07  6.43597418e-05  2.91064339e-05  9.02376736e-05
  -1.58706694e-05  0.00000000e+00  0.00000000e+00  0.00000000e+00
  -0.00000000e+00]
 [-2.14998559e-06 -1.94213536e-06  0.00000000e+00  0.00000000e+00
  -1.39458156e-06 -9.16163120e-07  0.00000000e+00 -2.20562474e-06
   1.71008979e-06 -1.32328136e-06 -0.00000000e+00 -2.55467846e-06
  -3.21540706e-08 -2.27082220e-06 -1.02697019e-06 -3.18388028e-06
   5.59969126e-07 -0.00000000e+00 -0.00000000e+00 -0.00000000e+00
   0.00000000e+00]
 [-1.04697933e-05 -9.45762427e-06  0.00000000e+00  0.00000000e+00
  -6.79119935e-06 -4.46144318e-06  0.00000000e+00 -1.07407395e-05
   8.32763103e-06 -6.44398847e-06 -0.00000000e+00 -1.24405278e-05
  -1.56580805e-07 -1.10582319e-05 -5.00104081e-06 -1.55045544e-05
   2.72688387e-06 -0.00000000e+00 -0.00000000e+00 -0.00000000e+00
   0.00000000e+00]
 [-1.66541414e-05 -1.50440994e-05  0.00000000e+00  0.00000000e+00
  -1.08026578e-05 -7.09674997e-06  0.00000000e+00 -1.70851314e-05
   1.32466363e-05 -1.02503547e-05 -0.00000000e+00 -1.97889588e-05
  -2.49070711e-07 -1.75901617e-05 -7.95507973e-06 -2.46628595e-05
   4.33761280e-06 -0.00000000e+00 -0.00000000e+00 -0.00000000e+00
   0.00000000e+00]
 [ 2.47862768e-05  2.23900592e-05 -0.00000000e+00 -0.00000000e+00
   1.60775424e-05  1.05620581e-05 -0.00000000e+00  2.54277171e-05
  -1.97149037e-05  1.52555525e-05  0.00000000e+00  2.94518101e-05
   3.70690715e-07  2.61793511e-05  1.18395061e-05  3.67056125e-05
  -6.45564781e-06  0.00000000e+00  0.00000000e+00  0.00000000e+00
  -0.00000000e+00]]
Layer 1 my_bias is
[-5.66555896e-05 -5.11784007e-05  0.00000000e+00  0.00000000e+00
 -3.67494745e-05 -2.41423766e-05  0.00000000e+00 -5.81217710e-05
  4.50636255e-05 -3.48705991e-05  0.00000000e+00 -6.73198997e-05
 -8.47311647e-07 -5.98398295e-05 -2.70623217e-05 -8.39003832e-05
  1.47560901e-05  0.00000000e+00  0.00000000e+00  0.00000000e+00
  0.00000000e+00]
Layer 2 my_weight is
[[ 0.00000000e+00  0.00000000e+00  0.00000000e+00  2.80397843e-05
  -7.04594043e-05  3.02629268e-05  0.00000000e+00 -4.29982673e-05
  -0.00000000e+00 -0.00000000e+00  2.09709806e-05  0.00000000e+00
   1.17304155e-05 -1.67224212e-05 -5.10060711e-05 -9.62605349e-05
  -6.46280152e-05 -6.16392884e-05 -0.00000000e+00  0.00000000e+00
  -1.09183937e-04]
 [ 0.00000000e+00  0.00000000e+00  0.00000000e+00  1.97872635e-05
  -4.97221658e-05  2.13561025e-05  0.00000000e+00 -3.03432451e-05
  -0.00000000e+00 -0.00000000e+00  1.47989127e-05  0.00000000e+00
   8.27798175e-06 -1.18007668e-05 -3.59942345e-05 -6.79296443e-05
  -4.56070402e-05 -4.34979396e-05 -0.00000000e+00  0.00000000e+00
  -7.70494994e-05]
 [ 0.00000000e+00  0.00000000e+00  0.00000000e+00  0.00000000e+00
  -0.00000000e+00  0.00000000e+00  0.00000000e+00 -0.00000000e+00
  -0.00000000e+00 -0.00000000e+00  0.00000000e+00  0.00000000e+00
   0.00000000e+00 -0.00000000e+00 -0.00000000e+00 -0.00000000e+00
  -0.00000000e+00 -0.00000000e+00 -0.00000000e+00  0.00000000e+00
  -0.00000000e+00]
 [ 0.00000000e+00  0.00000000e+00  0.00000000e+00  0.00000000e+00
  -0.00000000e+00  0.00000000e+00  0.00000000e+00 -0.00000000e+00
  -0.00000000e+00 -0.00000000e+00  0.00000000e+00  0.00000000e+00
   0.00000000e+00 -0.00000000e+00 -0.00000000e+00 -0.00000000e+00
  -0.00000000e+00 -0.00000000e+00 -0.00000000e+00  0.00000000e+00
  -0.00000000e+00]
 [ 0.00000000e+00  0.00000000e+00  0.00000000e+00  2.35313417e-05
  -5.91304236e-05  2.53970310e-05  0.00000000e+00 -3.60846900e-05
  -0.00000000e+00 -0.00000000e+00  1.75991122e-05  0.00000000e+00
   9.84431308e-06 -1.40336674e-05 -4.28049402e-05 -8.07830588e-05
  -5.42366480e-05 -5.17284707e-05 -0.00000000e+00  0.00000000e+00
  -9.16285415e-05]
 [ 0.00000000e+00  0.00000000e+00  0.00000000e+00  2.40503452e-05
  -6.04345947e-05  2.59571839e-05  0.00000000e+00 -3.68805681e-05
  -0.00000000e+00 -0.00000000e+00  1.79872754e-05  0.00000000e+00
   1.00614377e-05 -1.43431918e-05 -4.37490391e-05 -8.25647969e-05
  -5.54328828e-05 -5.28693855e-05 -0.00000000e+00  0.00000000e+00
  -9.36494859e-05]
 [ 0.00000000e+00  0.00000000e+00  0.00000000e+00  0.00000000e+00
  -0.00000000e+00  0.00000000e+00  0.00000000e+00 -0.00000000e+00
  -0.00000000e+00 -0.00000000e+00  0.00000000e+00  0.00000000e+00
   0.00000000e+00 -0.00000000e+00 -0.00000000e+00 -0.00000000e+00
  -0.00000000e+00 -0.00000000e+00 -0.00000000e+00  0.00000000e+00
  -0.00000000e+00]
 [ 0.00000000e+00  0.00000000e+00  0.00000000e+00  1.97495639e-05
  -4.96274328e-05  2.13154139e-05  0.00000000e+00 -3.02854338e-05
  -0.00000000e+00 -0.00000000e+00  1.47707171e-05  0.00000000e+00
   8.26221016e-06 -1.17782834e-05 -3.59256566e-05 -6.78002216e-05
  -4.55201475e-05 -4.34150653e-05 -0.00000000e+00  0.00000000e+00
  -7.69027011e-05]
 [ 0.00000000e+00  0.00000000e+00  0.00000000e+00  2.58242526e-05
  -6.48921345e-05  2.78717360e-05  0.00000000e+00 -3.96008080e-05
  -0.00000000e+00 -0.00000000e+00  1.93139824e-05  0.00000000e+00
   1.08035500e-05 -1.54011181e-05 -4.69758843e-05 -8.86546180e-05
  -5.95215059e-05 -5.67689300e-05 -0.00000000e+00  0.00000000e+00
  -1.00556892e-04]
 [ 0.00000000e+00  0.00000000e+00  0.00000000e+00  7.97775257e-06
  -2.00467910e-05  8.61027101e-06  0.00000000e+00 -1.22336725e-05
  -0.00000000e+00 -0.00000000e+00  5.96656853e-06  0.00000000e+00
   3.33748474e-06 -4.75778763e-06 -1.45120166e-05 -2.73876119e-05
  -1.83876705e-05 -1.75373315e-05 -0.00000000e+00  0.00000000e+00
  -3.10645199e-05]
 [ 0.00000000e+00  0.00000000e+00  0.00000000e+00  0.00000000e+00
  -0.00000000e+00  0.00000000e+00  0.00000000e+00 -0.00000000e+00
  -0.00000000e+00 -0.00000000e+00  0.00000000e+00  0.00000000e+00
   0.00000000e+00 -0.00000000e+00 -0.00000000e+00 -0.00000000e+00
  -0.00000000e+00 -0.00000000e+00 -0.00000000e+00  0.00000000e+00
  -0.00000000e+00]
 [ 0.00000000e+00  0.00000000e+00  0.00000000e+00  7.39251801e-07
  -1.85761920e-06  7.97863596e-07  0.00000000e+00 -1.13362308e-06
  -0.00000000e+00 -0.00000000e+00  5.52887106e-07  0.00000000e+00
   3.09265246e-07 -4.40876430e-07 -1.34474394e-06 -2.53785026e-06
  -1.70387818e-06 -1.62508222e-06 -0.00000000e+00  0.00000000e+00
  -2.87856788e-06]
 [ 0.00000000e+00  0.00000000e+00  0.00000000e+00  2.53680575e-05
  -6.37457908e-05  2.73793714e-05  0.00000000e+00 -3.89012450e-05
  -0.00000000e+00 -0.00000000e+00  1.89727937e-05  0.00000000e+00
   1.06127013e-05 -1.51290516e-05 -4.61460378e-05 -8.70885012e-05
  -5.84700364e-05 -5.57660857e-05 -0.00000000e+00  0.00000000e+00
  -9.87805175e-05]
 [ 0.00000000e+00  0.00000000e+00  0.00000000e+00  7.76903244e-08
  -1.95223113e-07  8.38500244e-08  0.00000000e+00 -1.19136057e-07
  -0.00000000e+00 -0.00000000e+00  5.81046655e-08  0.00000000e+00
   3.25016689e-08 -4.63331071e-08 -1.41323420e-07 -2.66710760e-07
  -1.79065980e-07 -1.70785062e-07 -0.00000000e+00  0.00000000e+00
  -3.02517859e-07]
 [ 0.00000000e+00  0.00000000e+00  0.00000000e+00  1.57790406e-05
  -3.96501554e-05  1.70300865e-05  0.00000000e+00 -2.41967413e-05
  -0.00000000e+00 -0.00000000e+00  1.18011591e-05  0.00000000e+00
   6.60114574e-06 -9.41033500e-06 -2.87030335e-05 -5.41694214e-05
  -3.63686135e-05 -3.46867446e-05 -0.00000000e+00  0.00000000e+00
  -6.14419057e-05]
 [ 0.00000000e+00  0.00000000e+00  0.00000000e+00  2.27331620e-05
  -5.71247280e-05  2.45355674e-05  0.00000000e+00 -3.48607024e-05
  -0.00000000e+00 -0.00000000e+00  1.70021529e-05  0.00000000e+00
   9.51039539e-06 -1.35576474e-05 -4.13530027e-05 -7.80429089e-05
  -5.23969486e-05 -4.99738483e-05 -0.00000000e+00  0.00000000e+00
  -8.85205144e-05]
 [ 0.00000000e+00  0.00000000e+00  0.00000000e+00  6.74752560e-06
  -1.69554312e-05  7.28250514e-06  0.00000000e+00 -1.03471520e-05
  -0.00000000e+00 -0.00000000e+00  5.04648064e-06  0.00000000e+00
   2.82282053e-06 -4.02410247e-06 -1.22741590e-05 -2.31642447e-05
  -1.55521591e-05 -1.48329485e-05 -0.00000000e+00  0.00000000e+00
  -2.62741469e-05]
 [ 0.00000000e+00  0.00000000e+00  0.00000000e+00  0.00000000e+00
  -0.00000000e+00  0.00000000e+00  0.00000000e+00 -0.00000000e+00
  -0.00000000e+00 -0.00000000e+00  0.00000000e+00  0.00000000e+00
   0.00000000e+00 -0.00000000e+00 -0.00000000e+00 -0.00000000e+00
  -0.00000000e+00 -0.00000000e+00 -0.00000000e+00  0.00000000e+00
  -0.00000000e+00]
 [ 0.00000000e+00  0.00000000e+00  0.00000000e+00  0.00000000e+00
  -0.00000000e+00  0.00000000e+00  0.00000000e+00 -0.00000000e+00
  -0.00000000e+00 -0.00000000e+00  0.00000000e+00  0.00000000e+00
   0.00000000e+00 -0.00000000e+00 -0.00000000e+00 -0.00000000e+00
  -0.00000000e+00 -0.00000000e+00 -0.00000000e+00  0.00000000e+00
  -0.00000000e+00]
 [ 0.00000000e+00  0.00000000e+00  0.00000000e+00  0.00000000e+00
  -0.00000000e+00  0.00000000e+00  0.00000000e+00 -0.00000000e+00
  -0.00000000e+00 -0.00000000e+00  0.00000000e+00  0.00000000e+00
   0.00000000e+00 -0.00000000e+00 -0.00000000e+00 -0.00000000e+00
  -0.00000000e+00 -0.00000000e+00 -0.00000000e+00  0.00000000e+00
  -0.00000000e+00]
 [ 0.00000000e+00  0.00000000e+00  0.00000000e+00  0.00000000e+00
  -0.00000000e+00  0.00000000e+00  0.00000000e+00 -0.00000000e+00
  -0.00000000e+00 -0.00000000e+00  0.00000000e+00  0.00000000e+00
   0.00000000e+00 -0.00000000e+00 -0.00000000e+00 -0.00000000e+00
  -0.00000000e+00 -0.00000000e+00 -0.00000000e+00  0.00000000e+00
  -0.00000000e+00]]
Layer 2 my_bias is
[ 0.00000000e+00  0.00000000e+00  0.00000000e+00  4.97263602e-05
 -1.24954232e-04  5.36689292e-05  0.00000000e+00 -7.62540577e-05
  0.00000000e+00  0.00000000e+00  3.71903908e-05  0.00000000e+00
  2.08029726e-05 -2.96559036e-05 -9.04552702e-05 -1.70710515e-04
 -1.14612721e-04 -1.09312448e-04  0.00000000e+00  0.00000000e+00
 -1.93629157e-04]
Layer 3 my_weight is
[[ 0.00000000e+00 -0.00000000e+00 -0.00000000e+00 -0.00000000e+00
  -0.00000000e+00  0.00000000e+00  0.00000000e+00 -0.00000000e+00
  -0.00000000e+00 -0.00000000e+00 -0.00000000e+00  0.00000000e+00
  -0.00000000e+00  0.00000000e+00 -0.00000000e+00 -0.00000000e+00
   0.00000000e+00  0.00000000e+00 -0.00000000e+00  0.00000000e+00
   0.00000000e+00]
 [ 0.00000000e+00 -0.00000000e+00 -0.00000000e+00 -0.00000000e+00
  -0.00000000e+00  0.00000000e+00  0.00000000e+00 -0.00000000e+00
  -0.00000000e+00 -0.00000000e+00 -0.00000000e+00  0.00000000e+00
  -0.00000000e+00  0.00000000e+00 -0.00000000e+00 -0.00000000e+00
   0.00000000e+00  0.00000000e+00 -0.00000000e+00  0.00000000e+00
   0.00000000e+00]
 [ 0.00000000e+00 -0.00000000e+00 -0.00000000e+00 -0.00000000e+00
  -0.00000000e+00  0.00000000e+00  0.00000000e+00 -0.00000000e+00
  -0.00000000e+00 -0.00000000e+00 -0.00000000e+00  0.00000000e+00
  -0.00000000e+00  0.00000000e+00 -0.00000000e+00 -0.00000000e+00
   0.00000000e+00  0.00000000e+00 -0.00000000e+00  0.00000000e+00
   0.00000000e+00]
 [ 0.00000000e+00 -0.00000000e+00 -7.52303774e-06 -8.80240223e-06
  -0.00000000e+00  5.38040432e-06  1.35830503e-05 -6.88618318e-06
  -0.00000000e+00 -0.00000000e+00 -2.60412483e-05  1.84663155e-05
  -0.00000000e+00  7.47263054e-06 -2.24093554e-06 -0.00000000e+00
   7.36240003e-06  0.00000000e+00 -2.03686098e-05  0.00000000e+00
   0.00000000e+00]
 [ 0.00000000e+00 -0.00000000e+00 -4.46352615e-05 -5.22259144e-05
  -0.00000000e+00  3.19227102e-05  8.05901846e-05 -4.08567120e-05
  -0.00000000e+00 -0.00000000e+00 -1.54506459e-04  1.09563297e-04
  -0.00000000e+00  4.43361883e-05 -1.32957918e-05 -0.00000000e+00
   4.36821749e-05  0.00000000e+00 -1.20849882e-04  0.00000000e+00
   0.00000000e+00]
 [ 0.00000000e+00 -0.00000000e+00 -2.90819952e-05 -3.40276666e-05
  -0.00000000e+00  2.07991636e-05  5.25083373e-05 -2.66200906e-05
  -0.00000000e+00 -0.00000000e+00 -1.00668305e-04  7.13856979e-05
  -0.00000000e+00  2.88871348e-05 -8.66284059e-06 -0.00000000e+00
   2.84610140e-05  0.00000000e+00 -7.87394445e-05  0.00000000e+00
   0.00000000e+00]
 [ 0.00000000e+00 -0.00000000e+00 -0.00000000e+00 -0.00000000e+00
  -0.00000000e+00  0.00000000e+00  0.00000000e+00 -0.00000000e+00
  -0.00000000e+00 -0.00000000e+00 -0.00000000e+00  0.00000000e+00
  -0.00000000e+00  0.00000000e+00 -0.00000000e+00 -0.00000000e+00
   0.00000000e+00  0.00000000e+00 -0.00000000e+00  0.00000000e+00
   0.00000000e+00]
 [ 0.00000000e+00 -0.00000000e+00 -3.12361533e-07 -3.65481598e-07
  -0.00000000e+00  2.23397968e-07  5.63977286e-07 -2.85918908e-07
  -0.00000000e+00 -0.00000000e+00 -1.08124996e-06  7.66733708e-07
  -0.00000000e+00  3.10268593e-07 -9.30451349e-08 -0.00000000e+00
   3.05691749e-07  0.00000000e+00 -8.45718233e-07  0.00000000e+00
   0.00000000e+00]
 [ 0.00000000e+00 -0.00000000e+00 -0.00000000e+00 -0.00000000e+00
  -0.00000000e+00  0.00000000e+00  0.00000000e+00 -0.00000000e+00
  -0.00000000e+00 -0.00000000e+00 -0.00000000e+00  0.00000000e+00
  -0.00000000e+00  0.00000000e+00 -0.00000000e+00 -0.00000000e+00
   0.00000000e+00  0.00000000e+00 -0.00000000e+00  0.00000000e+00
   0.00000000e+00]
 [ 0.00000000e+00 -0.00000000e+00 -0.00000000e+00 -0.00000000e+00
  -0.00000000e+00  0.00000000e+00  0.00000000e+00 -0.00000000e+00
  -0.00000000e+00 -0.00000000e+00 -0.00000000e+00  0.00000000e+00
  -0.00000000e+00  0.00000000e+00 -0.00000000e+00 -0.00000000e+00
   0.00000000e+00  0.00000000e+00 -0.00000000e+00  0.00000000e+00
   0.00000000e+00]
 [ 0.00000000e+00 -0.00000000e+00 -2.29515709e-05 -2.68547049e-05
  -0.00000000e+00  1.64147430e-05  4.14396886e-05 -2.10086307e-05
  -0.00000000e+00 -0.00000000e+00 -7.94476349e-05  5.63377406e-05
  -0.00000000e+00  2.27977867e-05 -6.83673174e-06 -0.00000000e+00
   2.24614912e-05  0.00000000e+00 -6.21413327e-05  0.00000000e+00
   0.00000000e+00]
 [ 0.00000000e+00 -0.00000000e+00 -0.00000000e+00 -0.00000000e+00
  -0.00000000e+00  0.00000000e+00  0.00000000e+00 -0.00000000e+00
  -0.00000000e+00 -0.00000000e+00 -0.00000000e+00  0.00000000e+00
  -0.00000000e+00  0.00000000e+00 -0.00000000e+00 -0.00000000e+00
   0.00000000e+00  0.00000000e+00 -0.00000000e+00  0.00000000e+00
   0.00000000e+00]
 [ 0.00000000e+00 -0.00000000e+00 -2.37568729e-05 -2.77969562e-05
  -0.00000000e+00  1.69906873e-05  4.28936833e-05 -2.17457607e-05
  -0.00000000e+00 -0.00000000e+00 -8.22352148e-05  5.83144635e-05
  -0.00000000e+00  2.35976928e-05 -7.07661221e-06 -0.00000000e+00
   2.32495978e-05  0.00000000e+00 -6.43216863e-05  0.00000000e+00
   0.00000000e+00]
 [ 0.00000000e+00 -0.00000000e+00 -1.46663671e-05 -1.71605231e-05
  -0.00000000e+00  1.04892449e-05  2.64805268e-05 -1.34248018e-05
  -0.00000000e+00 -0.00000000e+00 -5.07681233e-05  3.60005854e-05
  -0.00000000e+00  1.45680969e-05 -4.36876492e-06 -0.00000000e+00
   1.43531995e-05  0.00000000e+00 -3.97091600e-05  0.00000000e+00
   0.00000000e+00]
 [ 0.00000000e+00 -0.00000000e+00 -2.41590189e-06 -2.82674910e-06
  -0.00000000e+00  1.72782982e-06  4.36197690e-06 -2.21138635e-06
  -0.00000000e+00 -0.00000000e+00 -8.36272569e-06  5.93015855e-06
  -0.00000000e+00  2.39971443e-06 -7.19640203e-07 -0.00000000e+00
   2.36431569e-06  0.00000000e+00 -6.54104959e-06  0.00000000e+00
   0.00000000e+00]
 [ 0.00000000e+00 -0.00000000e+00 -1.40958447e-05 -1.64929779e-05
  -0.00000000e+00  1.00812127e-05  2.54504330e-05 -1.29025764e-05
  -0.00000000e+00 -0.00000000e+00 -4.87932408e-05  3.46001609e-05
  -0.00000000e+00  1.40013972e-05 -4.19881975e-06 -0.00000000e+00
   1.37948594e-05  0.00000000e+00 -3.81644717e-05  0.00000000e+00
   0.00000000e+00]
 [ 0.00000000e+00 -0.00000000e+00 -2.78450286e-05 -3.25803419e-05
  -0.00000000e+00  1.99144970e-05  5.02749602e-05 -2.54878380e-05
  -0.00000000e+00 -0.00000000e+00 -9.63865033e-05  6.83493956e-05
  -0.00000000e+00  2.76584563e-05 -8.29437739e-06 -0.00000000e+00
   2.72504600e-05  0.00000000e+00 -7.53903598e-05  0.00000000e+00
   0.00000000e+00]
 [ 0.00000000e+00 -0.00000000e+00 -5.87079588e-05 -6.86918085e-05
  -0.00000000e+00  4.19873682e-05  1.05998824e-04 -5.37381005e-05
  -0.00000000e+00 -0.00000000e+00 -2.03219575e-04  1.44106640e-04
  -0.00000000e+00  5.83145932e-05 -1.74877165e-05 -0.00000000e+00
   5.74543811e-05  0.00000000e+00 -1.58951682e-04  0.00000000e+00
   0.00000000e+00]
 [ 0.00000000e+00 -0.00000000e+00 -0.00000000e+00 -0.00000000e+00
  -0.00000000e+00  0.00000000e+00  0.00000000e+00 -0.00000000e+00
  -0.00000000e+00 -0.00000000e+00 -0.00000000e+00  0.00000000e+00
  -0.00000000e+00  0.00000000e+00 -0.00000000e+00 -0.00000000e+00
   0.00000000e+00  0.00000000e+00 -0.00000000e+00  0.00000000e+00
   0.00000000e+00]
 [ 0.00000000e+00 -0.00000000e+00 -0.00000000e+00 -0.00000000e+00
  -0.00000000e+00  0.00000000e+00  0.00000000e+00 -0.00000000e+00
  -0.00000000e+00 -0.00000000e+00 -0.00000000e+00  0.00000000e+00
  -0.00000000e+00  0.00000000e+00 -0.00000000e+00 -0.00000000e+00
   0.00000000e+00  0.00000000e+00 -0.00000000e+00  0.00000000e+00
   0.00000000e+00]
 [ 0.00000000e+00 -0.00000000e+00 -3.71705478e-05 -4.34917548e-05
  -0.00000000e+00  2.65840187e-05  6.71124400e-05 -3.40239155e-05
  -0.00000000e+00 -0.00000000e+00 -1.28667102e-04  9.12401461e-05
  -0.00000000e+00  3.69214910e-05 -1.10722296e-05 -0.00000000e+00
   3.63768535e-05  0.00000000e+00 -1.00639185e-04  0.00000000e+00
   0.00000000e+00]]
Layer 3 my_bias is
[ 0.00000000e+00  0.00000000e+00 -1.56159508e-04 -1.82715925e-04
  0.00000000e+00  1.11683780e-04  2.81950259e-04 -1.42939995e-04
  0.00000000e+00  0.00000000e+00 -5.40551390e-04  3.83314671e-04
  0.00000000e+00  1.55113180e-04 -4.65162349e-05  0.00000000e+00
  1.52825069e-04  0.00000000e+00 -4.22801558e-04  0.00000000e+00
  0.00000000e+00]
Layer 4 my_weight is
[[ 0.00000000e+00  0.00000000e+00 -0.00000000e+00  0.00000000e+00
  -0.00000000e+00  0.00000000e+00  0.00000000e+00 -0.00000000e+00
   0.00000000e+00  0.00000000e+00 -0.00000000e+00 -0.00000000e+00
  -0.00000000e+00  0.00000000e+00 -0.00000000e+00  0.00000000e+00
   0.00000000e+00 -0.00000000e+00 -0.00000000e+00 -0.00000000e+00
   0.00000000e+00]
 [ 0.00000000e+00  0.00000000e+00 -0.00000000e+00  0.00000000e+00
  -0.00000000e+00  0.00000000e+00  0.00000000e+00 -0.00000000e+00
   0.00000000e+00  0.00000000e+00 -0.00000000e+00 -0.00000000e+00
  -0.00000000e+00  0.00000000e+00 -0.00000000e+00  0.00000000e+00
   0.00000000e+00 -0.00000000e+00 -0.00000000e+00 -0.00000000e+00
   0.00000000e+00]
 [ 0.00000000e+00  1.90103971e-05 -4.14515009e-05  0.00000000e+00
  -4.11383522e-05  4.00298525e-05  1.05541817e-04 -6.75291540e-05
   2.26861469e-05  0.00000000e+00 -0.00000000e+00 -0.00000000e+00
  -7.16331779e-05  0.00000000e+00 -5.63218910e-05  0.00000000e+00
   0.00000000e+00 -0.00000000e+00 -0.00000000e+00 -0.00000000e+00
   0.00000000e+00]
 [ 0.00000000e+00  3.97879060e-05 -8.67561266e-05  0.00000000e+00
  -8.61007206e-05  8.37806806e-05  2.20894274e-04 -1.41335481e-04
   4.74810849e-05  0.00000000e+00 -0.00000000e+00 -0.00000000e+00
  -1.49925019e-04  0.00000000e+00 -1.17879184e-04  0.00000000e+00
   0.00000000e+00 -0.00000000e+00 -0.00000000e+00 -0.00000000e+00
   0.00000000e+00]
 [ 0.00000000e+00  0.00000000e+00 -0.00000000e+00  0.00000000e+00
  -0.00000000e+00  0.00000000e+00  0.00000000e+00 -0.00000000e+00
   0.00000000e+00  0.00000000e+00 -0.00000000e+00 -0.00000000e+00
  -0.00000000e+00  0.00000000e+00 -0.00000000e+00  0.00000000e+00
   0.00000000e+00 -0.00000000e+00 -0.00000000e+00 -0.00000000e+00
   0.00000000e+00]
 [ 0.00000000e+00  3.85190157e-05 -8.39893561e-05  0.00000000e+00
  -8.33548519e-05  8.11088012e-05  2.13849656e-04 -1.36828101e-04
   4.59668487e-05  0.00000000e+00 -0.00000000e+00 -0.00000000e+00
  -1.45143707e-04  0.00000000e+00 -1.14119857e-04  0.00000000e+00
   0.00000000e+00 -0.00000000e+00 -0.00000000e+00 -0.00000000e+00
   0.00000000e+00]
 [ 0.00000000e+00  8.36424220e-06 -1.82379353e-05  0.00000000e+00
  -1.81001554e-05  1.76124349e-05  4.64365531e-05 -2.97116465e-05
   9.98150780e-06  0.00000000e+00 -0.00000000e+00 -0.00000000e+00
  -3.15173453e-05  0.00000000e+00 -2.47806468e-05  0.00000000e+00
   0.00000000e+00 -0.00000000e+00 -0.00000000e+00 -0.00000000e+00
   0.00000000e+00]
 [ 0.00000000e+00  2.78334401e-05 -6.06898351e-05  0.00000000e+00
  -6.02313489e-05  5.86083760e-05  1.54525537e-04 -9.88705627e-05
   3.32151667e-05  0.00000000e+00 -0.00000000e+00 -0.00000000e+00
  -1.04879333e-04  0.00000000e+00 -8.24618217e-05  0.00000000e+00
   0.00000000e+00 -0.00000000e+00 -0.00000000e+00 -0.00000000e+00
   0.00000000e+00]
 [ 0.00000000e+00  0.00000000e+00 -0.00000000e+00  0.00000000e+00
  -0.00000000e+00  0.00000000e+00  0.00000000e+00 -0.00000000e+00
   0.00000000e+00  0.00000000e+00 -0.00000000e+00 -0.00000000e+00
  -0.00000000e+00  0.00000000e+00 -0.00000000e+00  0.00000000e+00
   0.00000000e+00 -0.00000000e+00 -0.00000000e+00 -0.00000000e+00
   0.00000000e+00]
 [ 0.00000000e+00  0.00000000e+00 -0.00000000e+00  0.00000000e+00
  -0.00000000e+00  0.00000000e+00  0.00000000e+00 -0.00000000e+00
   0.00000000e+00  0.00000000e+00 -0.00000000e+00 -0.00000000e+00
  -0.00000000e+00  0.00000000e+00 -0.00000000e+00  0.00000000e+00
   0.00000000e+00 -0.00000000e+00 -0.00000000e+00 -0.00000000e+00
   0.00000000e+00]
 [ 0.00000000e+00  3.24821633e-05 -7.08262122e-05  0.00000000e+00
  -7.02911500e-05  6.83971091e-05  1.80334293e-04 -1.15383860e-04
   3.87627424e-05  0.00000000e+00 -0.00000000e+00 -0.00000000e+00
  -1.22396211e-04  0.00000000e+00 -9.62345419e-05  0.00000000e+00
   0.00000000e+00 -0.00000000e+00 -0.00000000e+00 -0.00000000e+00
   0.00000000e+00]
 [ 0.00000000e+00  3.03005279e-05 -6.60692331e-05  0.00000000e+00
  -6.55701079e-05  6.38032786e-05  1.68222302e-04 -1.07634207e-04
   3.61592776e-05  0.00000000e+00 -0.00000000e+00 -0.00000000e+00
  -1.14175579e-04  0.00000000e+00 -8.97710352e-05  0.00000000e+00
   0.00000000e+00 -0.00000000e+00 -0.00000000e+00 -0.00000000e+00
   0.00000000e+00]
 [ 0.00000000e+00  0.00000000e+00 -0.00000000e+00  0.00000000e+00
  -0.00000000e+00  0.00000000e+00  0.00000000e+00 -0.00000000e+00
   0.00000000e+00  0.00000000e+00 -0.00000000e+00 -0.00000000e+00
  -0.00000000e+00  0.00000000e+00 -0.00000000e+00  0.00000000e+00
   0.00000000e+00 -0.00000000e+00 -0.00000000e+00 -0.00000000e+00
   0.00000000e+00]
 [ 0.00000000e+00  1.87323751e-05 -4.08452836e-05  0.00000000e+00
  -4.05367147e-05  3.94444265e-05  1.03998295e-04 -6.65415579e-05
   2.23543680e-05  0.00000000e+00 -0.00000000e+00 -0.00000000e+00
  -7.05855616e-05  0.00000000e+00 -5.54981982e-05  0.00000000e+00
   0.00000000e+00 -0.00000000e+00 -0.00000000e+00 -0.00000000e+00
   0.00000000e+00]
 [ 0.00000000e+00  1.88014959e-06 -4.09959992e-06  0.00000000e+00
  -4.06862917e-06  3.95899731e-06  1.04382040e-05 -6.67870906e-06
   2.24368537e-06  0.00000000e+00 -0.00000000e+00 -0.00000000e+00
  -7.08460164e-06  0.00000000e+00 -5.57029818e-06  0.00000000e+00
   0.00000000e+00 -0.00000000e+00 -0.00000000e+00 -0.00000000e+00
   0.00000000e+00]
 [ 0.00000000e+00  0.00000000e+00 -0.00000000e+00  0.00000000e+00
  -0.00000000e+00  0.00000000e+00  0.00000000e+00 -0.00000000e+00
   0.00000000e+00  0.00000000e+00 -0.00000000e+00 -0.00000000e+00
  -0.00000000e+00  0.00000000e+00 -0.00000000e+00  0.00000000e+00
   0.00000000e+00 -0.00000000e+00 -0.00000000e+00 -0.00000000e+00
   0.00000000e+00]
 [ 0.00000000e+00  3.31783243e-05 -7.23441668e-05  0.00000000e+00
  -7.17976370e-05  6.98630030e-05  1.84199236e-04 -1.17856779e-04
   3.95935095e-05  0.00000000e+00 -0.00000000e+00 -0.00000000e+00
  -1.25019419e-04  0.00000000e+00 -9.82970505e-05  0.00000000e+00
   0.00000000e+00 -0.00000000e+00 -0.00000000e+00 -0.00000000e+00
   0.00000000e+00]
 [ 0.00000000e+00  0.00000000e+00 -0.00000000e+00  0.00000000e+00
  -0.00000000e+00  0.00000000e+00  0.00000000e+00 -0.00000000e+00
   0.00000000e+00  0.00000000e+00 -0.00000000e+00 -0.00000000e+00
  -0.00000000e+00  0.00000000e+00 -0.00000000e+00  0.00000000e+00
   0.00000000e+00 -0.00000000e+00 -0.00000000e+00 -0.00000000e+00
   0.00000000e+00]
 [ 0.00000000e+00  2.13247954e-05 -4.64979647e-05  0.00000000e+00
  -4.61466922e-05  4.49032395e-05  1.18390880e-04 -7.57504108e-05
   2.54480449e-05  0.00000000e+00 -0.00000000e+00 -0.00000000e+00
  -8.03540743e-05  0.00000000e+00 -6.31787328e-05  0.00000000e+00
   0.00000000e+00 -0.00000000e+00 -0.00000000e+00 -0.00000000e+00
   0.00000000e+00]
 [ 0.00000000e+00  0.00000000e+00 -0.00000000e+00  0.00000000e+00
  -0.00000000e+00  0.00000000e+00  0.00000000e+00 -0.00000000e+00
   0.00000000e+00  0.00000000e+00 -0.00000000e+00 -0.00000000e+00
  -0.00000000e+00  0.00000000e+00 -0.00000000e+00  0.00000000e+00
   0.00000000e+00 -0.00000000e+00 -0.00000000e+00 -0.00000000e+00
   0.00000000e+00]
 [ 0.00000000e+00  0.00000000e+00 -0.00000000e+00  0.00000000e+00
  -0.00000000e+00  0.00000000e+00  0.00000000e+00 -0.00000000e+00
   0.00000000e+00  0.00000000e+00 -0.00000000e+00 -0.00000000e+00
  -0.00000000e+00  0.00000000e+00 -0.00000000e+00  0.00000000e+00
   0.00000000e+00 -0.00000000e+00 -0.00000000e+00 -0.00000000e+00
   0.00000000e+00]]
Layer 4 my_bias is
[ 0.          0.00026272 -0.00057286  0.         -0.00056853  0.00055321
  0.00145858 -0.00093325  0.00031352  0.          0.          0.
 -0.00098996  0.         -0.00077836  0.          0.          0.
  0.          0.          0.        ]
Layer 5 my_weight is
[[ 0.00000000e+00  0.00000000e+00  0.00000000e+00 -0.00000000e+00
   0.00000000e+00  0.00000000e+00  0.00000000e+00 -0.00000000e+00
   0.00000000e+00  0.00000000e+00 -0.00000000e+00 -0.00000000e+00
  -0.00000000e+00 -0.00000000e+00  0.00000000e+00  0.00000000e+00
   0.00000000e+00 -0.00000000e+00 -0.00000000e+00  0.00000000e+00
  -0.00000000e+00]
 [ 2.59278372e-05  3.60633602e-05  3.69163008e-05 -0.00000000e+00
   5.34042169e-05  1.98367641e-05  0.00000000e+00 -0.00000000e+00
   0.00000000e+00  3.45685157e-05 -0.00000000e+00 -2.77867117e-05
  -0.00000000e+00 -1.94373063e-05  0.00000000e+00  4.84934820e-05
   2.81268088e-05 -0.00000000e+00 -0.00000000e+00  0.00000000e+00
  -0.00000000e+00]
 [ 1.46296376e-04  2.03485499e-04  2.08298169e-04 -0.00000000e+00
   3.01330316e-04  1.11927835e-04  0.00000000e+00 -0.00000000e+00
   0.00000000e+00  1.95050922e-04 -0.00000000e+00 -1.56784972e-04
  -0.00000000e+00 -1.09673917e-04  0.00000000e+00  2.73621768e-04
   1.58703950e-04 -0.00000000e+00 -0.00000000e+00  0.00000000e+00
  -0.00000000e+00]
 [ 0.00000000e+00  0.00000000e+00  0.00000000e+00 -0.00000000e+00
   0.00000000e+00  0.00000000e+00  0.00000000e+00 -0.00000000e+00
   0.00000000e+00  0.00000000e+00 -0.00000000e+00 -0.00000000e+00
  -0.00000000e+00 -0.00000000e+00  0.00000000e+00  0.00000000e+00
   0.00000000e+00 -0.00000000e+00 -0.00000000e+00  0.00000000e+00
  -0.00000000e+00]
 [ 4.46515362e-05  6.21063925e-05  6.35752812e-05 -0.00000000e+00
   9.19698893e-05  3.41618153e-05  0.00000000e+00 -0.00000000e+00
   0.00000000e+00  5.95320511e-05 -0.00000000e+00 -4.78527905e-05
  -0.00000000e+00 -3.34738906e-05  0.00000000e+00  8.35128841e-05
   4.84384875e-05 -0.00000000e+00 -0.00000000e+00  0.00000000e+00
  -0.00000000e+00]
 [ 1.20665665e-04  1.67835416e-04  1.71804920e-04 -0.00000000e+00
   2.48538098e-04  9.23183954e-05  0.00000000e+00 -0.00000000e+00
   0.00000000e+00  1.60878553e-04 -0.00000000e+00 -1.29316689e-04
  -0.00000000e+00 -9.04593575e-05  0.00000000e+00  2.25684009e-04
   1.30899468e-04 -0.00000000e+00 -0.00000000e+00  0.00000000e+00
  -0.00000000e+00]
 [ 6.12463728e-05  8.51883628e-05  8.72031671e-05 -0.00000000e+00
   1.26150691e-04  4.68581253e-05  0.00000000e+00 -0.00000000e+00
   0.00000000e+00  8.16572621e-05 -0.00000000e+00 -6.56373800e-05
  -0.00000000e+00 -4.59145319e-05  0.00000000e+00  1.14550622e-04
   6.64407525e-05 -0.00000000e+00 -0.00000000e+00  0.00000000e+00
  -0.00000000e+00]
 [ 1.64430609e-05  2.28708636e-05  2.34117862e-05 -0.00000000e+00
   3.38681850e-05  1.25801900e-05  0.00000000e+00 -0.00000000e+00
   0.00000000e+00  2.19228547e-05 -0.00000000e+00 -1.76219323e-05
  -0.00000000e+00 -1.23268597e-05  0.00000000e+00  3.07538677e-05
   1.78376170e-05 -0.00000000e+00 -0.00000000e+00  0.00000000e+00
  -0.00000000e+00]
 [ 2.05083806e-04  2.85253688e-04  2.92000271e-04 -0.00000000e+00
   4.22416261e-04  1.56904683e-04  0.00000000e+00 -0.00000000e+00
   0.00000000e+00  2.73429778e-04 -0.00000000e+00 -2.19787118e-04
  -0.00000000e+00 -1.53745055e-04  0.00000000e+00  3.83573369e-04
   2.22477215e-04 -0.00000000e+00 -0.00000000e+00  0.00000000e+00
  -0.00000000e+00]
 [ 0.00000000e+00  0.00000000e+00  0.00000000e+00 -0.00000000e+00
   0.00000000e+00  0.00000000e+00  0.00000000e+00 -0.00000000e+00
   0.00000000e+00  0.00000000e+00 -0.00000000e+00 -0.00000000e+00
  -0.00000000e+00 -0.00000000e+00  0.00000000e+00  0.00000000e+00
   0.00000000e+00 -0.00000000e+00 -0.00000000e+00  0.00000000e+00
  -0.00000000e+00]
 [ 0.00000000e+00  0.00000000e+00  0.00000000e+00 -0.00000000e+00
   0.00000000e+00  0.00000000e+00  0.00000000e+00 -0.00000000e+00
   0.00000000e+00  0.00000000e+00 -0.00000000e+00 -0.00000000e+00
  -0.00000000e+00 -0.00000000e+00  0.00000000e+00  0.00000000e+00
   0.00000000e+00 -0.00000000e+00 -0.00000000e+00  0.00000000e+00
  -0.00000000e+00]
 [ 0.00000000e+00  0.00000000e+00  0.00000000e+00 -0.00000000e+00
   0.00000000e+00  0.00000000e+00  0.00000000e+00 -0.00000000e+00
   0.00000000e+00  0.00000000e+00 -0.00000000e+00 -0.00000000e+00
  -0.00000000e+00 -0.00000000e+00  0.00000000e+00  0.00000000e+00
   0.00000000e+00 -0.00000000e+00 -0.00000000e+00  0.00000000e+00
  -0.00000000e+00]
 [ 9.84401416e-05  1.36921651e-04  1.40160008e-04 -0.00000000e+00
   2.02759630e-04  7.53141824e-05  0.00000000e+00 -0.00000000e+00
   0.00000000e+00  1.31246180e-04 -0.00000000e+00 -1.05497725e-04
  -0.00000000e+00 -7.37975625e-05  0.00000000e+00  1.84115057e-04
   1.06788970e-04 -0.00000000e+00 -0.00000000e+00  0.00000000e+00
  -0.00000000e+00]
 [ 0.00000000e+00  0.00000000e+00  0.00000000e+00 -0.00000000e+00
   0.00000000e+00  0.00000000e+00  0.00000000e+00 -0.00000000e+00
   0.00000000e+00  0.00000000e+00 -0.00000000e+00 -0.00000000e+00
  -0.00000000e+00 -0.00000000e+00  0.00000000e+00  0.00000000e+00
   0.00000000e+00 -0.00000000e+00 -0.00000000e+00  0.00000000e+00
  -0.00000000e+00]
 [ 9.95542003e-06  1.38471210e-05  1.41746216e-05 -0.00000000e+00
   2.05054284e-05  7.61665219e-06  0.00000000e+00 -0.00000000e+00
   0.00000000e+00  1.32731508e-05 -0.00000000e+00 -1.06691655e-05
  -0.00000000e+00 -7.46327382e-06  0.00000000e+00  1.86198709e-05
   1.07997514e-05 -0.00000000e+00 -0.00000000e+00  0.00000000e+00
  -0.00000000e+00]
 [ 0.00000000e+00  0.00000000e+00  0.00000000e+00 -0.00000000e+00
   0.00000000e+00  0.00000000e+00  0.00000000e+00 -0.00000000e+00
   0.00000000e+00  0.00000000e+00 -0.00000000e+00 -0.00000000e+00
  -0.00000000e+00 -0.00000000e+00  0.00000000e+00  0.00000000e+00
   0.00000000e+00 -0.00000000e+00 -0.00000000e+00  0.00000000e+00
  -0.00000000e+00]
 [ 0.00000000e+00  0.00000000e+00  0.00000000e+00 -0.00000000e+00
   0.00000000e+00  0.00000000e+00  0.00000000e+00 -0.00000000e+00
   0.00000000e+00  0.00000000e+00 -0.00000000e+00 -0.00000000e+00
  -0.00000000e+00 -0.00000000e+00  0.00000000e+00  0.00000000e+00
   0.00000000e+00 -0.00000000e+00 -0.00000000e+00  0.00000000e+00
  -0.00000000e+00]
 [ 0.00000000e+00  0.00000000e+00  0.00000000e+00 -0.00000000e+00
   0.00000000e+00  0.00000000e+00  0.00000000e+00 -0.00000000e+00
   0.00000000e+00  0.00000000e+00 -0.00000000e+00 -0.00000000e+00
  -0.00000000e+00 -0.00000000e+00  0.00000000e+00  0.00000000e+00
   0.00000000e+00 -0.00000000e+00 -0.00000000e+00  0.00000000e+00
  -0.00000000e+00]
 [ 0.00000000e+00  0.00000000e+00  0.00000000e+00 -0.00000000e+00
   0.00000000e+00  0.00000000e+00  0.00000000e+00 -0.00000000e+00
   0.00000000e+00  0.00000000e+00 -0.00000000e+00 -0.00000000e+00
  -0.00000000e+00 -0.00000000e+00  0.00000000e+00  0.00000000e+00
   0.00000000e+00 -0.00000000e+00 -0.00000000e+00  0.00000000e+00
  -0.00000000e+00]
 [ 0.00000000e+00  0.00000000e+00  0.00000000e+00 -0.00000000e+00
   0.00000000e+00  0.00000000e+00  0.00000000e+00 -0.00000000e+00
   0.00000000e+00  0.00000000e+00 -0.00000000e+00 -0.00000000e+00
  -0.00000000e+00 -0.00000000e+00  0.00000000e+00  0.00000000e+00
   0.00000000e+00 -0.00000000e+00 -0.00000000e+00  0.00000000e+00
  -0.00000000e+00]
 [ 0.00000000e+00  0.00000000e+00  0.00000000e+00 -0.00000000e+00
   0.00000000e+00  0.00000000e+00  0.00000000e+00 -0.00000000e+00
   0.00000000e+00  0.00000000e+00 -0.00000000e+00 -0.00000000e+00
  -0.00000000e+00 -0.00000000e+00  0.00000000e+00  0.00000000e+00
   0.00000000e+00 -0.00000000e+00 -0.00000000e+00  0.00000000e+00
  -0.00000000e+00]]
Layer 5 my_bias is
[ 0.00130856  0.00182009  0.00186314  0.          0.00269527  0.00100115
  0.          0.          0.          0.00174465  0.         -0.00140238
  0.         -0.00098099  0.          0.00244743  0.00141954  0.
  0.          0.          0.        ]
Layer 6 my_weight is
[[ 3.73708420e-05  0.00000000e+00  6.90414359e-04 -0.00000000e+00
  -0.00000000e+00 -2.84978548e-04  6.33349931e-04  0.00000000e+00
   3.90945224e-04  0.00000000e+00  1.14142222e-03 -0.00000000e+00
   4.97669704e-04 -0.00000000e+00  0.00000000e+00 -5.72035998e-04
   4.19490935e-04  0.00000000e+00  4.58625598e-04 -0.00000000e+00
  -6.88973606e-04]
 [ 2.93816884e-05  0.00000000e+00  5.42817301e-04 -0.00000000e+00
  -0.00000000e+00 -2.24055720e-04  4.97952129e-04  0.00000000e+00
   3.07368798e-04  0.00000000e+00  8.97408523e-04 -0.00000000e+00
   3.91277675e-04 -0.00000000e+00  0.00000000e+00 -4.49745913e-04
   3.29811995e-04  0.00000000e+00  3.60580434e-04 -0.00000000e+00
  -5.41684552e-04]
 [ 2.06200804e-05  0.00000000e+00  3.80949393e-04 -0.00000000e+00
  -0.00000000e+00 -1.57242392e-04  3.49462998e-04  0.00000000e+00
   2.15711542e-04  0.00000000e+00  6.29801651e-04 -0.00000000e+00
   2.74598825e-04 -0.00000000e+00  0.00000000e+00 -3.15631857e-04
   2.31462186e-04  0.00000000e+00  2.53055489e-04 -0.00000000e+00
  -3.80154430e-04]
 [ 0.00000000e+00  0.00000000e+00  0.00000000e+00 -0.00000000e+00
  -0.00000000e+00 -0.00000000e+00  0.00000000e+00  0.00000000e+00
   0.00000000e+00  0.00000000e+00  0.00000000e+00 -0.00000000e+00
   0.00000000e+00 -0.00000000e+00  0.00000000e+00 -0.00000000e+00
   0.00000000e+00  0.00000000e+00  0.00000000e+00 -0.00000000e+00
  -0.00000000e+00]
 [ 6.45596501e-05  0.00000000e+00  1.19271890e-03 -0.00000000e+00
  -0.00000000e+00 -4.92312037e-04  1.09413778e-03  0.00000000e+00
   6.75373782e-04  0.00000000e+00  1.97185333e-03 -0.00000000e+00
   8.59744663e-04 -0.00000000e+00  0.00000000e+00 -9.88215461e-04
   7.24687658e-04  0.00000000e+00  7.92294381e-04 -0.00000000e+00
  -1.19022994e-03]
 [ 3.37380111e-05  0.00000000e+00  6.23298969e-04 -0.00000000e+00
  -0.00000000e+00 -2.57275697e-04  5.71781791e-04  0.00000000e+00
   3.52941320e-04  0.00000000e+00  1.03046422e-03 -0.00000000e+00
   4.49291080e-04 -0.00000000e+00  0.00000000e+00 -5.16428204e-04
   3.78712093e-04  0.00000000e+00  4.14042464e-04 -0.00000000e+00
  -6.21998271e-04]
 [ 0.00000000e+00  0.00000000e+00  0.00000000e+00 -0.00000000e+00
  -0.00000000e+00 -0.00000000e+00  0.00000000e+00  0.00000000e+00
   0.00000000e+00  0.00000000e+00  0.00000000e+00 -0.00000000e+00
   0.00000000e+00 -0.00000000e+00  0.00000000e+00 -0.00000000e+00
   0.00000000e+00  0.00000000e+00  0.00000000e+00 -0.00000000e+00
  -0.00000000e+00]
 [ 0.00000000e+00  0.00000000e+00  0.00000000e+00 -0.00000000e+00
  -0.00000000e+00 -0.00000000e+00  0.00000000e+00  0.00000000e+00
   0.00000000e+00  0.00000000e+00  0.00000000e+00 -0.00000000e+00
   0.00000000e+00 -0.00000000e+00  0.00000000e+00 -0.00000000e+00
   0.00000000e+00  0.00000000e+00  0.00000000e+00 -0.00000000e+00
  -0.00000000e+00]
 [ 0.00000000e+00  0.00000000e+00  0.00000000e+00 -0.00000000e+00
  -0.00000000e+00 -0.00000000e+00  0.00000000e+00  0.00000000e+00
   0.00000000e+00  0.00000000e+00  0.00000000e+00 -0.00000000e+00
   0.00000000e+00 -0.00000000e+00  0.00000000e+00 -0.00000000e+00
   0.00000000e+00  0.00000000e+00  0.00000000e+00 -0.00000000e+00
  -0.00000000e+00]
 [ 3.59320612e-05  0.00000000e+00  6.63833344e-04 -0.00000000e+00
  -0.00000000e+00 -2.74006849e-04  6.08965902e-04  0.00000000e+00
   3.75893798e-04  0.00000000e+00  1.09747737e-03 -0.00000000e+00
   4.78509375e-04 -0.00000000e+00  0.00000000e+00 -5.50012560e-04
   4.03340496e-04  0.00000000e+00  4.40968471e-04 -0.00000000e+00
  -6.62448060e-04]
 [ 0.00000000e+00  0.00000000e+00  0.00000000e+00 -0.00000000e+00
  -0.00000000e+00 -0.00000000e+00  0.00000000e+00  0.00000000e+00
   0.00000000e+00  0.00000000e+00  0.00000000e+00 -0.00000000e+00
   0.00000000e+00 -0.00000000e+00  0.00000000e+00 -0.00000000e+00
   0.00000000e+00  0.00000000e+00  0.00000000e+00 -0.00000000e+00
  -0.00000000e+00]
 [ 2.24417356e-05  0.00000000e+00  4.14603891e-04 -0.00000000e+00
  -0.00000000e+00 -1.71133774e-04  3.80335870e-04  0.00000000e+00
   2.34768309e-04  0.00000000e+00  6.85440692e-04 -0.00000000e+00
   2.98857915e-04 -0.00000000e+00  0.00000000e+00 -3.43515959e-04
   2.51910424e-04  0.00000000e+00  2.75411360e-04 -0.00000000e+00
  -4.13738698e-04]
 [ 0.00000000e+00  0.00000000e+00  0.00000000e+00 -0.00000000e+00
  -0.00000000e+00 -0.00000000e+00  0.00000000e+00  0.00000000e+00
   0.00000000e+00  0.00000000e+00  0.00000000e+00 -0.00000000e+00
   0.00000000e+00 -0.00000000e+00  0.00000000e+00 -0.00000000e+00
   0.00000000e+00  0.00000000e+00  0.00000000e+00 -0.00000000e+00
  -0.00000000e+00]
 [ 3.91244056e-05  0.00000000e+00  7.22810885e-04 -0.00000000e+00
  -0.00000000e+00 -2.98350685e-04  6.63068805e-04  0.00000000e+00
   4.09289668e-04  0.00000000e+00  1.19498153e-03 -0.00000000e+00
   5.21022013e-04 -0.00000000e+00  0.00000000e+00 -5.98877819e-04
   4.39174837e-04  0.00000000e+00  4.80145828e-04 -0.00000000e+00
  -7.21302527e-04]
 [ 0.00000000e+00  0.00000000e+00  0.00000000e+00 -0.00000000e+00
  -0.00000000e+00 -0.00000000e+00  0.00000000e+00  0.00000000e+00
   0.00000000e+00  0.00000000e+00  0.00000000e+00 -0.00000000e+00
   0.00000000e+00 -0.00000000e+00  0.00000000e+00 -0.00000000e+00
   0.00000000e+00  0.00000000e+00  0.00000000e+00 -0.00000000e+00
  -0.00000000e+00]
 [ 1.50438525e-05  0.00000000e+00  2.77930366e-04 -0.00000000e+00
  -0.00000000e+00 -1.14719793e-04  2.54958744e-04  0.00000000e+00
   1.57377302e-04  0.00000000e+00  4.59486238e-04 -0.00000000e+00
   2.00339870e-04 -0.00000000e+00  0.00000000e+00 -2.30276459e-04
   1.68868546e-04  0.00000000e+00  1.84622435e-04 -0.00000000e+00
  -2.77350382e-04]
 [ 1.46272820e-05  0.00000000e+00  2.70234358e-04 -0.00000000e+00
  -0.00000000e+00 -1.11543154e-04  2.47898830e-04  0.00000000e+00
   1.53019459e-04  0.00000000e+00  4.46762872e-04 -0.00000000e+00
   1.94792375e-04 -0.00000000e+00  0.00000000e+00 -2.23900008e-04
   1.64192506e-04  0.00000000e+00  1.79510163e-04 -0.00000000e+00
  -2.69670434e-04]
 [ 0.00000000e+00  0.00000000e+00  0.00000000e+00 -0.00000000e+00
  -0.00000000e+00 -0.00000000e+00  0.00000000e+00  0.00000000e+00
   0.00000000e+00  0.00000000e+00  0.00000000e+00 -0.00000000e+00
   0.00000000e+00 -0.00000000e+00  0.00000000e+00 -0.00000000e+00
   0.00000000e+00  0.00000000e+00  0.00000000e+00 -0.00000000e+00
  -0.00000000e+00]
 [ 0.00000000e+00  0.00000000e+00  0.00000000e+00 -0.00000000e+00
  -0.00000000e+00 -0.00000000e+00  0.00000000e+00  0.00000000e+00
   0.00000000e+00  0.00000000e+00  0.00000000e+00 -0.00000000e+00
   0.00000000e+00 -0.00000000e+00  0.00000000e+00 -0.00000000e+00
   0.00000000e+00  0.00000000e+00  0.00000000e+00 -0.00000000e+00
  -0.00000000e+00]
 [ 0.00000000e+00  0.00000000e+00  0.00000000e+00 -0.00000000e+00
  -0.00000000e+00 -0.00000000e+00  0.00000000e+00  0.00000000e+00
   0.00000000e+00  0.00000000e+00  0.00000000e+00 -0.00000000e+00
   0.00000000e+00 -0.00000000e+00  0.00000000e+00 -0.00000000e+00
   0.00000000e+00  0.00000000e+00  0.00000000e+00 -0.00000000e+00
  -0.00000000e+00]
 [ 0.00000000e+00  0.00000000e+00  0.00000000e+00 -0.00000000e+00
  -0.00000000e+00 -0.00000000e+00  0.00000000e+00  0.00000000e+00
   0.00000000e+00  0.00000000e+00  0.00000000e+00 -0.00000000e+00
   0.00000000e+00 -0.00000000e+00  0.00000000e+00 -0.00000000e+00
   0.00000000e+00  0.00000000e+00  0.00000000e+00 -0.00000000e+00
  -0.00000000e+00]]
Layer 6 my_bias is
[ 0.000263    0.          0.00485891  0.          0.         -0.00200558
  0.00445731  0.          0.00275134  0.          0.00803295  0.
  0.00350243  0.          0.         -0.0040258   0.00295224  0.
  0.00322766  0.         -0.00484877]
Layer 7 my_weight is
[[-1.16209156e-03  1.75780877e-03  1.88020743e-04 -0.00000000e+00
   0.00000000e+00  1.55699470e-03 -0.00000000e+00  1.79258420e-03
   4.03697976e-04  4.91576801e-05 -1.65819148e-05  0.00000000e+00
  -1.66650616e-03  0.00000000e+00 -0.00000000e+00  4.43787523e-04
  -0.00000000e+00 -0.00000000e+00  9.27306958e-04 -2.58147108e-03
   1.59715793e-03]
 [-0.00000000e+00  0.00000000e+00  0.00000000e+00 -0.00000000e+00
   0.00000000e+00  0.00000000e+00 -0.00000000e+00  0.00000000e+00
   0.00000000e+00  0.00000000e+00 -0.00000000e+00  0.00000000e+00
  -0.00000000e+00  0.00000000e+00 -0.00000000e+00  0.00000000e+00
  -0.00000000e+00 -0.00000000e+00  0.00000000e+00 -0.00000000e+00
   0.00000000e+00]
 [-1.16650921e-03  1.76449102e-03  1.88735497e-04 -0.00000000e+00
   0.00000000e+00  1.56291356e-03 -0.00000000e+00  1.79939865e-03
   4.05232619e-04  4.93445512e-05 -1.66449503e-05  0.00000000e+00
  -1.67284132e-03  0.00000000e+00 -0.00000000e+00  4.45474565e-04
  -0.00000000e+00 -0.00000000e+00  9.30832082e-04 -2.59128445e-03
   1.60322947e-03]
 [-0.00000000e+00  0.00000000e+00  0.00000000e+00 -0.00000000e+00
   0.00000000e+00  0.00000000e+00 -0.00000000e+00  0.00000000e+00
   0.00000000e+00  0.00000000e+00 -0.00000000e+00  0.00000000e+00
  -0.00000000e+00  0.00000000e+00 -0.00000000e+00  0.00000000e+00
  -0.00000000e+00 -0.00000000e+00  0.00000000e+00 -0.00000000e+00
   0.00000000e+00]
 [-0.00000000e+00  0.00000000e+00  0.00000000e+00 -0.00000000e+00
   0.00000000e+00  0.00000000e+00 -0.00000000e+00  0.00000000e+00
   0.00000000e+00  0.00000000e+00 -0.00000000e+00  0.00000000e+00
  -0.00000000e+00  0.00000000e+00 -0.00000000e+00  0.00000000e+00
  -0.00000000e+00 -0.00000000e+00  0.00000000e+00 -0.00000000e+00
   0.00000000e+00]
 [-1.59592650e-03  2.41403835e-03  2.58213118e-04 -0.00000000e+00
   0.00000000e+00  2.13825587e-03 -0.00000000e+00  2.46179624e-03
   5.54407517e-04  6.75093485e-05 -2.27723168e-05  0.00000000e+00
  -2.28865042e-03  0.00000000e+00 -0.00000000e+00  6.09463394e-04
  -0.00000000e+00 -0.00000000e+00  1.27349152e-03 -3.54519234e-03
   2.19341293e-03]
 [-6.86309825e-04  1.03812941e-03  1.11041580e-04 -0.00000000e+00
   0.00000000e+00  9.19532329e-04 -0.00000000e+00  1.05866714e-03
   2.38416573e-04  2.90316184e-05 -9.79297279e-06  0.00000000e+00
  -9.84207777e-04  0.00000000e+00 -0.00000000e+00  2.62092719e-04
  -0.00000000e+00 -0.00000000e+00  5.47650372e-04 -1.52456917e-03
   9.43251991e-04]
 [-0.00000000e+00  0.00000000e+00  0.00000000e+00 -0.00000000e+00
   0.00000000e+00  0.00000000e+00 -0.00000000e+00  0.00000000e+00
   0.00000000e+00  0.00000000e+00 -0.00000000e+00  0.00000000e+00
  -0.00000000e+00  0.00000000e+00 -0.00000000e+00  0.00000000e+00
  -0.00000000e+00 -0.00000000e+00  0.00000000e+00 -0.00000000e+00
   0.00000000e+00]
 [-6.65299861e-04  1.00634922e-03  1.07642270e-04 -0.00000000e+00
   0.00000000e+00  8.91382737e-04 -0.00000000e+00  1.02625822e-03
   2.31117939e-04  2.81428751e-05 -9.49318106e-06  0.00000000e+00
  -9.54078279e-04  0.00000000e+00 -0.00000000e+00  2.54069289e-04
  -0.00000000e+00 -0.00000000e+00  5.30885182e-04 -1.47789762e-03
   9.14376270e-04]
 [-0.00000000e+00  0.00000000e+00  0.00000000e+00 -0.00000000e+00
   0.00000000e+00  0.00000000e+00 -0.00000000e+00  0.00000000e+00
   0.00000000e+00  0.00000000e+00 -0.00000000e+00  0.00000000e+00
  -0.00000000e+00  0.00000000e+00 -0.00000000e+00  0.00000000e+00
  -0.00000000e+00 -0.00000000e+00  0.00000000e+00 -0.00000000e+00
   0.00000000e+00]
 [-1.25703711e-03  1.90142578e-03  2.03382469e-04 -0.00000000e+00
   0.00000000e+00  1.68420474e-03 -0.00000000e+00  1.93904245e-03
   4.36681026e-04  5.31739753e-05 -1.79366953e-05  0.00000000e+00
  -1.80266354e-03  0.00000000e+00 -0.00000000e+00  4.80045982e-04
  -0.00000000e+00 -0.00000000e+00  1.00307006e-03 -2.79238319e-03
   1.72764940e-03]
 [-0.00000000e+00  0.00000000e+00  0.00000000e+00 -0.00000000e+00
   0.00000000e+00  0.00000000e+00 -0.00000000e+00  0.00000000e+00
   0.00000000e+00  0.00000000e+00 -0.00000000e+00  0.00000000e+00
  -0.00000000e+00  0.00000000e+00 -0.00000000e+00  0.00000000e+00
  -0.00000000e+00 -0.00000000e+00  0.00000000e+00 -0.00000000e+00
   0.00000000e+00]
 [-1.26293771e-03  1.91035117e-03  2.04337157e-04 -0.00000000e+00
   0.00000000e+00  1.69211048e-03 -0.00000000e+00  1.94814441e-03
   4.38730830e-04  5.34235767e-05 -1.80208911e-05  0.00000000e+00
  -1.81112534e-03  0.00000000e+00 -0.00000000e+00  4.82299343e-04
  -0.00000000e+00 -0.00000000e+00  1.00777853e-03 -2.80549078e-03
   1.73575907e-03]
 [-0.00000000e+00  0.00000000e+00  0.00000000e+00 -0.00000000e+00
   0.00000000e+00  0.00000000e+00 -0.00000000e+00  0.00000000e+00
   0.00000000e+00  0.00000000e+00 -0.00000000e+00  0.00000000e+00
  -0.00000000e+00  0.00000000e+00 -0.00000000e+00  0.00000000e+00
  -0.00000000e+00 -0.00000000e+00  0.00000000e+00 -0.00000000e+00
   0.00000000e+00]
 [-0.00000000e+00  0.00000000e+00  0.00000000e+00 -0.00000000e+00
   0.00000000e+00  0.00000000e+00 -0.00000000e+00  0.00000000e+00
   0.00000000e+00  0.00000000e+00 -0.00000000e+00  0.00000000e+00
  -0.00000000e+00  0.00000000e+00 -0.00000000e+00  0.00000000e+00
  -0.00000000e+00 -0.00000000e+00  0.00000000e+00 -0.00000000e+00
   0.00000000e+00]
 [-4.54655408e-04  6.87723145e-04  7.35610259e-05 -0.00000000e+00
   0.00000000e+00  6.09156871e-04 -0.00000000e+00  7.01328646e-04
   1.57942346e-04  1.92323960e-05 -6.48748986e-06  0.00000000e+00
  -6.52002013e-04  0.00000000e+00 -0.00000000e+00  1.73626936e-04
  -0.00000000e+00 -0.00000000e+00  3.62798541e-04 -1.00997187e-03
   6.24870288e-04]
 [-4.43551799e-04  6.70927549e-04  7.17645162e-05 -0.00000000e+00
   0.00000000e+00  5.94280023e-04 -0.00000000e+00  6.84200776e-04
   1.54085073e-04  1.87627018e-05 -6.32905218e-06  0.00000000e+00
  -6.36078799e-04  0.00000000e+00 -0.00000000e+00  1.69386613e-04
  -0.00000000e+00 -0.00000000e+00  3.53938263e-04 -9.85306303e-04
   6.09609686e-04]
 [-0.00000000e+00  0.00000000e+00  0.00000000e+00 -0.00000000e+00
   0.00000000e+00  0.00000000e+00 -0.00000000e+00  0.00000000e+00
   0.00000000e+00  0.00000000e+00 -0.00000000e+00  0.00000000e+00
  -0.00000000e+00  0.00000000e+00 -0.00000000e+00  0.00000000e+00
  -0.00000000e+00 -0.00000000e+00  0.00000000e+00 -0.00000000e+00
   0.00000000e+00]
 [-1.08381868e-04  1.63941126e-04  1.75356573e-05 -0.00000000e+00
   0.00000000e+00  1.45212305e-04 -0.00000000e+00  1.67184438e-04
   3.76506828e-05  4.58466560e-06 -1.54650370e-06  0.00000000e+00
  -1.55425835e-04  0.00000000e+00 -0.00000000e+00  4.13896137e-05
  -0.00000000e+00 -0.00000000e+00  8.64848037e-05 -2.40759565e-04
   1.48958108e-04]
 [-0.00000000e+00  0.00000000e+00  0.00000000e+00 -0.00000000e+00
   0.00000000e+00  0.00000000e+00 -0.00000000e+00  0.00000000e+00
   0.00000000e+00  0.00000000e+00 -0.00000000e+00  0.00000000e+00
  -0.00000000e+00  0.00000000e+00 -0.00000000e+00  0.00000000e+00
  -0.00000000e+00 -0.00000000e+00  0.00000000e+00 -0.00000000e+00
   0.00000000e+00]
 [-3.76057359e-04  5.68833771e-04  6.08442453e-05 -0.00000000e+00
   0.00000000e+00  5.03849554e-04 -0.00000000e+00  5.80087236e-04
   1.30638238e-04  1.59076169e-05 -5.36597226e-06  0.00000000e+00
  -5.39287890e-04  0.00000000e+00 -0.00000000e+00  1.43611372e-04
  -0.00000000e+00 -0.00000000e+00  3.00080146e-04 -8.35374104e-04
   5.16846531e-04]]
Layer 7 my_bias is
[-6.73199064e-03  1.01829775e-02  1.08920323e-03  0.00000000e+00
  0.00000000e+00  9.01966256e-03  0.00000000e+00  1.03844314e-02
  2.33862037e-03  2.84770196e-04 -9.60589499e-05  0.00000000e+00
 -9.65406191e-03  0.00000000e+00  0.00000000e+00  2.57085891e-03
  0.00000000e+00  0.00000000e+00  5.37188460e-03 -1.49544491e-02
  9.25232795e-03]
Layer 8 my_weight is
[[ 0.00000000e+00 -0.00000000e+00 -1.68253270e-04 -4.17260397e-04
   0.00000000e+00 -4.19675182e-04  0.00000000e+00  0.00000000e+00
  -0.00000000e+00  0.00000000e+00  3.69198759e-04 -0.00000000e+00
  -5.49088710e-05  3.60148357e-04 -0.00000000e+00 -3.32906572e-04
   4.93247758e-04  0.00000000e+00 -2.91708933e-04 -0.00000000e+00
   4.57132287e-04]
 [ 0.00000000e+00 -0.00000000e+00 -3.23287494e-03 -8.01738166e-03
   0.00000000e+00 -8.06378014e-03  0.00000000e+00  0.00000000e+00
  -0.00000000e+00  0.00000000e+00  7.09390919e-03 -0.00000000e+00
  -1.05503752e-03  6.92001171e-03 -0.00000000e+00 -6.39657888e-03
   9.47742838e-03  0.00000000e+00 -5.60499359e-03 -0.00000000e+00
   8.78349357e-03]
 [ 0.00000000e+00 -0.00000000e+00 -4.74057338e-06 -1.17564047e-05
   0.00000000e+00 -1.18244418e-05  0.00000000e+00  0.00000000e+00
  -0.00000000e+00  0.00000000e+00  1.04022573e-05 -0.00000000e+00
  -1.54706968e-06  1.01472602e-05 -0.00000000e+00 -9.37971684e-06
   1.38973655e-05  0.00000000e+00 -8.21896419e-06 -0.00000000e+00
   1.28798041e-05]
 [ 0.00000000e+00 -0.00000000e+00 -0.00000000e+00 -0.00000000e+00
   0.00000000e+00 -0.00000000e+00  0.00000000e+00  0.00000000e+00
  -0.00000000e+00  0.00000000e+00  0.00000000e+00 -0.00000000e+00
  -0.00000000e+00  0.00000000e+00 -0.00000000e+00 -0.00000000e+00
   0.00000000e+00  0.00000000e+00 -0.00000000e+00 -0.00000000e+00
   0.00000000e+00]
 [ 0.00000000e+00 -0.00000000e+00 -0.00000000e+00 -0.00000000e+00
   0.00000000e+00 -0.00000000e+00  0.00000000e+00  0.00000000e+00
  -0.00000000e+00  0.00000000e+00  0.00000000e+00 -0.00000000e+00
  -0.00000000e+00  0.00000000e+00 -0.00000000e+00 -0.00000000e+00
   0.00000000e+00  0.00000000e+00 -0.00000000e+00 -0.00000000e+00
   0.00000000e+00]
 [ 0.00000000e+00 -0.00000000e+00 -3.06888747e-03 -7.61070024e-03
   0.00000000e+00 -7.65474516e-03  0.00000000e+00  0.00000000e+00
  -0.00000000e+00  0.00000000e+00  6.73407088e-03 -0.00000000e+00
  -1.00152078e-03  6.56899435e-03 -0.00000000e+00 -6.07211262e-03
   8.99668614e-03  0.00000000e+00 -5.32068047e-03 -0.00000000e+00
   8.33795114e-03]
 [ 0.00000000e+00 -0.00000000e+00 -0.00000000e+00 -0.00000000e+00
   0.00000000e+00 -0.00000000e+00  0.00000000e+00  0.00000000e+00
  -0.00000000e+00  0.00000000e+00  0.00000000e+00 -0.00000000e+00
  -0.00000000e+00  0.00000000e+00 -0.00000000e+00 -0.00000000e+00
   0.00000000e+00  0.00000000e+00 -0.00000000e+00 -0.00000000e+00
   0.00000000e+00]
 [ 0.00000000e+00 -0.00000000e+00 -2.40728983e-03 -5.96996842e-03
   0.00000000e+00 -6.00451804e-03  0.00000000e+00  0.00000000e+00
  -0.00000000e+00  0.00000000e+00  5.28232478e-03 -0.00000000e+00
  -7.85610683e-04  5.15283582e-03 -0.00000000e+00 -4.76307297e-03
   7.05716037e-03  0.00000000e+00 -4.17363625e-03 -0.00000000e+00
   6.54043694e-03]
 [ 0.00000000e+00 -0.00000000e+00 -2.46883172e-03 -6.12258950e-03
   0.00000000e+00 -6.15802237e-03  0.00000000e+00  0.00000000e+00
  -0.00000000e+00  0.00000000e+00  5.41736638e-03 -0.00000000e+00
  -8.05694667e-04  5.28456706e-03 -0.00000000e+00 -4.88484000e-03
   7.23757529e-03  0.00000000e+00 -4.28033444e-03 -0.00000000e+00
   6.70764194e-03]
 [ 0.00000000e+00 -0.00000000e+00 -1.61887575e-03 -4.01473765e-03
   0.00000000e+00 -4.03797189e-03  0.00000000e+00  0.00000000e+00
  -0.00000000e+00  0.00000000e+00  3.55230492e-03 -0.00000000e+00
  -5.28314485e-04  3.46522503e-03 -0.00000000e+00 -3.20311383e-03
   4.74586220e-03  0.00000000e+00 -2.80672416e-03 -0.00000000e+00
   4.39837142e-03]
 [ 0.00000000e+00 -0.00000000e+00 -3.55785959e-03 -8.82332869e-03
   0.00000000e+00 -8.87439137e-03  0.00000000e+00  0.00000000e+00
  -0.00000000e+00  0.00000000e+00  7.80702417e-03 -0.00000000e+00
  -1.16109513e-03  7.61564566e-03 -0.00000000e+00 -7.03959476e-03
   1.04301465e-02  0.00000000e+00 -6.16843538e-03 -0.00000000e+00
   9.66645396e-03]
 [ 0.00000000e+00 -0.00000000e+00 -0.00000000e+00 -0.00000000e+00
   0.00000000e+00 -0.00000000e+00  0.00000000e+00  0.00000000e+00
  -0.00000000e+00  0.00000000e+00  0.00000000e+00 -0.00000000e+00
  -0.00000000e+00  0.00000000e+00 -0.00000000e+00 -0.00000000e+00
   0.00000000e+00  0.00000000e+00 -0.00000000e+00 -0.00000000e+00
   0.00000000e+00]
 [ 0.00000000e+00 -0.00000000e+00 -4.63415653e-04 -1.14924958e-03
   0.00000000e+00 -1.15590055e-03  0.00000000e+00  0.00000000e+00
  -0.00000000e+00  0.00000000e+00  1.01687464e-03 -0.00000000e+00
  -1.51234090e-04  9.91947353e-04 -0.00000000e+00 -9.16916004e-04
   1.35853961e-03  0.00000000e+00 -8.03446408e-04 -0.00000000e+00
   1.25906769e-03]
 [ 0.00000000e+00 -0.00000000e+00 -0.00000000e+00 -0.00000000e+00
   0.00000000e+00 -0.00000000e+00  0.00000000e+00  0.00000000e+00
  -0.00000000e+00  0.00000000e+00  0.00000000e+00 -0.00000000e+00
  -0.00000000e+00  0.00000000e+00 -0.00000000e+00 -0.00000000e+00
   0.00000000e+00  0.00000000e+00 -0.00000000e+00 -0.00000000e+00
   0.00000000e+00]
 [ 0.00000000e+00 -0.00000000e+00 -0.00000000e+00 -0.00000000e+00
   0.00000000e+00 -0.00000000e+00  0.00000000e+00  0.00000000e+00
  -0.00000000e+00  0.00000000e+00  0.00000000e+00 -0.00000000e+00
  -0.00000000e+00  0.00000000e+00 -0.00000000e+00 -0.00000000e+00
   0.00000000e+00  0.00000000e+00 -0.00000000e+00 -0.00000000e+00
   0.00000000e+00]
 [ 0.00000000e+00 -0.00000000e+00 -4.57171706e-04 -1.13376487e-03
   0.00000000e+00 -1.14032624e-03  0.00000000e+00  0.00000000e+00
  -0.00000000e+00  0.00000000e+00  1.00317353e-03 -0.00000000e+00
  -1.49196400e-04  9.78582103e-04 -0.00000000e+00 -9.04561708e-04
   1.34023499e-03  0.00000000e+00 -7.92620972e-04 -0.00000000e+00
   1.24210333e-03]
 [ 0.00000000e+00 -0.00000000e+00 -0.00000000e+00 -0.00000000e+00
   0.00000000e+00 -0.00000000e+00  0.00000000e+00  0.00000000e+00
  -0.00000000e+00  0.00000000e+00  0.00000000e+00 -0.00000000e+00
  -0.00000000e+00  0.00000000e+00 -0.00000000e+00 -0.00000000e+00
   0.00000000e+00  0.00000000e+00 -0.00000000e+00 -0.00000000e+00
   0.00000000e+00]
 [ 0.00000000e+00 -0.00000000e+00 -0.00000000e+00 -0.00000000e+00
   0.00000000e+00 -0.00000000e+00  0.00000000e+00  0.00000000e+00
  -0.00000000e+00  0.00000000e+00  0.00000000e+00 -0.00000000e+00
  -0.00000000e+00  0.00000000e+00 -0.00000000e+00 -0.00000000e+00
   0.00000000e+00  0.00000000e+00 -0.00000000e+00 -0.00000000e+00
   0.00000000e+00]
 [ 0.00000000e+00 -0.00000000e+00 -1.94073066e-03 -4.81292308e-03
   0.00000000e+00 -4.84077660e-03  0.00000000e+00  0.00000000e+00
  -0.00000000e+00  0.00000000e+00  4.25855231e-03 -0.00000000e+00
  -6.33350719e-04  4.15415973e-03 -0.00000000e+00 -3.83993720e-03
   5.68940530e-03  0.00000000e+00 -3.36473978e-03 -0.00000000e+00
   5.27282855e-03]
 [ 0.00000000e+00 -0.00000000e+00 -2.04135961e-03 -5.06247826e-03
   0.00000000e+00 -5.09177602e-03  0.00000000e+00  0.00000000e+00
  -0.00000000e+00  0.00000000e+00  4.47936278e-03 -0.00000000e+00
  -6.66190627e-04  4.36955734e-03 -0.00000000e+00 -4.03904203e-03
   5.98440702e-03  0.00000000e+00 -3.53920511e-03 -0.00000000e+00
   5.54623031e-03]
 [ 0.00000000e+00 -0.00000000e+00 -7.21232340e-04 -1.78862314e-03
   0.00000000e+00 -1.79897432e-03  0.00000000e+00  0.00000000e+00
  -0.00000000e+00  0.00000000e+00  1.58260273e-03 -0.00000000e+00
  -2.35371672e-04  1.54380739e-03 -0.00000000e+00 -1.42703310e-03
   2.11434960e-03  0.00000000e+00 -1.25043582e-03 -0.00000000e+00
   1.95953748e-03]]
Layer 8 my_bias is
[ 0.          0.         -0.01232805 -0.03057299  0.         -0.03074992
  0.          0.          0.          0.          0.02705148  0.
 -0.00402322  0.02638835  0.         -0.02439232  0.03614064  0.
 -0.02137374  0.          0.03349444]
Layer 9 my_weight is
[[-0.          0.         -0.         -0.          0.          0.
   0.         -0.         -0.         -0.          0.          0.
   0.         -0.          0.         -0.          0.         -0.
   0.         -0.          0.        ]
 [-0.          0.         -0.         -0.          0.          0.
   0.         -0.         -0.         -0.          0.          0.
   0.         -0.          0.         -0.          0.         -0.
   0.         -0.          0.        ]
 [-0.00289626  0.01803085 -0.00043619 -0.0062983   0.          0.
   0.         -0.         -0.         -0.00452574  0.00316771  0.01110251
   0.         -0.00736345  0.         -0.          0.0117088  -0.
   0.         -0.01118236  0.00439551]
 [-0.00378944  0.02359142 -0.00057071 -0.00824065  0.          0.
   0.         -0.         -0.         -0.00592145  0.00414461  0.01452643
   0.         -0.00963427  0.         -0.          0.0153197  -0.
   0.         -0.01463091  0.00575104]
 [-0.          0.         -0.         -0.          0.          0.
   0.         -0.         -0.         -0.          0.          0.
   0.         -0.          0.         -0.          0.         -0.
   0.         -0.          0.        ]
 [-0.00094403  0.00587713 -0.00014218 -0.00205292  0.          0.
   0.         -0.         -0.         -0.00147516  0.00103251  0.00361884
   0.         -0.0024001   0.         -0.          0.00381646 -0.
   0.         -0.00364487  0.00143271]
 [-0.          0.         -0.         -0.          0.          0.
   0.         -0.         -0.         -0.          0.          0.
   0.         -0.          0.         -0.          0.         -0.
   0.         -0.          0.        ]
 [-0.          0.         -0.         -0.          0.          0.
   0.         -0.         -0.         -0.          0.          0.
   0.         -0.          0.         -0.          0.         -0.
   0.         -0.          0.        ]
 [-0.          0.         -0.         -0.          0.          0.
   0.         -0.         -0.         -0.          0.          0.
   0.         -0.          0.         -0.          0.         -0.
   0.         -0.          0.        ]
 [-0.          0.         -0.         -0.          0.          0.
   0.         -0.         -0.         -0.          0.          0.
   0.         -0.          0.         -0.          0.         -0.
   0.         -0.          0.        ]
 [-0.00089404  0.00556594 -0.00013465 -0.00194422  0.          0.
   0.         -0.         -0.         -0.00139705  0.00097784  0.00342723
   0.         -0.00227302  0.         -0.          0.00361438 -0.
   0.         -0.00345188  0.00135685]
 [-0.          0.         -0.         -0.          0.          0.
   0.         -0.         -0.         -0.          0.          0.
   0.         -0.          0.         -0.          0.         -0.
   0.         -0.          0.        ]
 [-0.00204252  0.01271585 -0.00030762 -0.00444173  0.          0.
   0.         -0.         -0.         -0.00319168  0.00223396  0.00782979
   0.         -0.0051929   0.         -0.          0.00825737 -0.
   0.         -0.00788611  0.00309983]
 [-0.00125873  0.00783632 -0.00018957 -0.00273728  0.          0.
   0.         -0.         -0.         -0.00196692  0.00137671  0.00482522
   0.         -0.0032002   0.         -0.          0.00508872 -0.
   0.         -0.00485993  0.00191031]
 [-0.          0.         -0.         -0.          0.          0.
   0.         -0.         -0.         -0.          0.          0.
   0.         -0.          0.         -0.          0.         -0.
   0.         -0.          0.        ]
 [-0.00332311  0.02068827 -0.00050048 -0.00722656  0.          0.
   0.         -0.         -0.         -0.00519276  0.00363457  0.01273881
   0.         -0.00844868  0.         -0.          0.01343446 -0.
   0.         -0.01283044  0.00504332]
 [-0.00421458  0.02623817 -0.00063474 -0.00916518  0.          0.
   0.         -0.         -0.         -0.00658578  0.0046096   0.01615617
   0.         -0.01071516  0.         -0.          0.01703844 -0.
   0.         -0.01627237  0.00639626]
 [-0.          0.         -0.         -0.          0.          0.
   0.         -0.         -0.         -0.          0.          0.
   0.         -0.          0.         -0.          0.         -0.
   0.         -0.          0.        ]
 [-0.00072121  0.00448997 -0.00010862 -0.00156838  0.          0.
   0.         -0.         -0.         -0.00112698  0.00078881  0.0027647
   0.         -0.00183361  0.         -0.          0.00291568 -0.
   0.         -0.00278458  0.00109455]
 [-0.          0.         -0.         -0.          0.          0.
   0.         -0.         -0.         -0.          0.          0.
   0.         -0.          0.         -0.          0.         -0.
   0.         -0.          0.        ]
 [-0.00230396  0.01434348 -0.00034699 -0.00501028  0.          0.
   0.         -0.         -0.         -0.00360021  0.0025199   0.00883201
   0.         -0.0058576   0.         -0.          0.00931431 -0.
   0.         -0.00889553  0.00349661]]
Layer 9 my_bias is
[-0.01730665  0.10774376 -0.00260648 -0.03763565  0.          0.
  0.          0.          0.         -0.02704368  0.01892873  0.06634327
  0.         -0.04400045  0.          0.          0.06996621  0.
  0.         -0.06682045  0.02626544]
Layer 10 my_weight is
[[-0.          0.00091965  0.          0.         -0.00230041  0.
  -0.00302298  0.00400605  0.00280679 -0.00341303 -0.00404393 -0.
  -0.00298757  0.          0.         -0.         -0.00062241 -0.
   0.00234642 -0.          0.00137643]
 [-0.          0.00825724  0.          0.         -0.02065465  0.
  -0.02714234  0.03596905  0.02520131 -0.03064449 -0.03630919 -0.
  -0.02682442  0.          0.         -0.         -0.00558841 -0.
   0.02106772 -0.          0.01235857]
 [-0.          0.00354193  0.          0.         -0.00885978  0.
  -0.01164266  0.01542886  0.01081006 -0.0131449  -0.01557476 -0.
  -0.01150628  0.          0.         -0.         -0.00239714 -0.
   0.00903696 -0.          0.00530119]
 [-0.          0.00948436  0.          0.         -0.02372417  0.
  -0.031176    0.04131445  0.02894651 -0.0351986  -0.04170515 -0.
  -0.03081083  0.          0.         -0.         -0.00641891 -0.
   0.02419863 -0.          0.0141952 ]
 [-0.          0.          0.          0.         -0.          0.
  -0.          0.          0.         -0.         -0.         -0.
  -0.          0.          0.         -0.         -0.         -0.
   0.         -0.          0.        ]
 [-0.          0.          0.          0.         -0.          0.
  -0.          0.          0.         -0.         -0.         -0.
  -0.          0.          0.         -0.         -0.         -0.
   0.         -0.          0.        ]
 [-0.          0.          0.          0.         -0.          0.
  -0.          0.          0.         -0.         -0.         -0.
  -0.          0.          0.         -0.         -0.         -0.
   0.         -0.          0.        ]
 [-0.          0.          0.          0.         -0.          0.
  -0.          0.          0.         -0.         -0.         -0.
  -0.          0.          0.         -0.         -0.         -0.
   0.         -0.          0.        ]
 [-0.          0.          0.          0.         -0.          0.
  -0.          0.          0.         -0.         -0.         -0.
  -0.          0.          0.         -0.         -0.         -0.
   0.         -0.          0.        ]
 [-0.          0.0060776   0.          0.         -0.01520251  0.
  -0.01997766  0.02647441  0.018549   -0.02255535 -0.02672476 -0.
  -0.01974366  0.          0.         -0.         -0.00411325 -0.
   0.01550654 -0.          0.00909632]
 [-0.          0.00661268  0.          0.         -0.01654095  0.
  -0.02173651  0.02880524  0.02018207 -0.02454115 -0.02907764 -0.
  -0.02148191  0.          0.         -0.         -0.00447539 -0.
   0.01687175 -0.          0.00989717]
 [-0.          0.00031142  0.          0.         -0.00077898  0.
  -0.00102366  0.00135655  0.00095045 -0.00115574 -0.00136938 -0.
  -0.00101167  0.          0.         -0.         -0.00021076 -0.
   0.00079456 -0.          0.0004661 ]
 [-0.          0.          0.          0.         -0.          0.
  -0.          0.          0.         -0.         -0.         -0.
  -0.          0.          0.         -0.         -0.         -0.
   0.         -0.          0.        ]
 [-0.          0.00071557  0.          0.         -0.00178993  0.
  -0.00235216  0.00311708  0.00218395 -0.00265565 -0.00314656 -0.
  -0.00232461  0.          0.         -0.         -0.00048429 -0.
   0.00182573 -0.          0.00107099]
 [-0.          0.          0.          0.         -0.          0.
  -0.          0.          0.         -0.         -0.         -0.
  -0.          0.          0.         -0.         -0.         -0.
   0.         -0.          0.        ]
 [-0.          0.          0.          0.         -0.          0.
  -0.          0.          0.         -0.         -0.         -0.
  -0.          0.          0.         -0.         -0.         -0.
   0.         -0.          0.        ]
 [-0.          0.00052501  0.          0.         -0.00131326  0.
  -0.00172576  0.00228697  0.00160234 -0.00194843 -0.0023086  -0.
  -0.00170554  0.          0.         -0.         -0.00035532 -0.
   0.00133952 -0.          0.00078578]
 [-0.          0.          0.          0.         -0.          0.
  -0.          0.          0.         -0.         -0.         -0.
  -0.          0.          0.         -0.         -0.         -0.
   0.         -0.          0.        ]
 [-0.          0.          0.          0.         -0.          0.
  -0.          0.          0.         -0.         -0.         -0.
  -0.          0.          0.         -0.         -0.         -0.
   0.         -0.          0.        ]
 [-0.          0.01019187  0.          0.         -0.02549393  0.
  -0.03350165  0.04439641  0.03110585 -0.03782433 -0.04481625 -0.
  -0.03310924  0.          0.         -0.         -0.00689774 -0.
   0.02600378 -0.          0.01525413]
 [-0.          0.01116347  0.          0.         -0.02792429  0.
  -0.0366954   0.04862876  0.0340712  -0.04143016 -0.04908862 -0.
  -0.03626557  0.          0.         -0.         -0.00755531 -0.
   0.02848275 -0.          0.01670832]]
Layer 10 my_bias is
[ 0.          0.04637205  0.          0.         -0.115995    0.
 -0.15242938  0.20199951  0.14152869 -0.17209717 -0.20390973  0.
 -0.15064394  0.          0.          0.         -0.03138409  0.
  0.11831478  0.          0.06940484]
Layer 11 my_weight is 
[ 0.         -0.11811757  0.          0.         -0.0830144   0.
 -0.09022771 -0.03724733 -0.20856999 -0.06711496 -0.19124638  0.
 -0.10333222  0.          0.          0.         -0.22022565  0.
 -0.0854387   0.         -0.11952548]
Layer 11 my_bias is 
[-1.0723033]