Layer 1 auto_weight is
tensor([[ 1.5776e-06, -1.8015e-07, -6.8688e-07,  3.0820e-06,  4.8451e-06,
          2.8955e-06, -2.2546e-09, -3.0911e-06, -1.9776e-07,  1.6026e-06,
         -1.3644e-07,  1.5985e-07, -9.8696e-07, -1.8048e-06,  2.1172e-06,
         -1.5945e-06, -3.8423e-07, -3.8312e-06, -2.9921e-06,  4.5728e-07,
         -2.0828e-06],
        [ 0.0000e+00, -0.0000e+00, -0.0000e+00,  0.0000e+00,  0.0000e+00,
          0.0000e+00, -0.0000e+00, -0.0000e+00, -0.0000e+00,  0.0000e+00,
         -0.0000e+00,  0.0000e+00, -0.0000e+00, -0.0000e+00,  0.0000e+00,
         -0.0000e+00, -0.0000e+00, -0.0000e+00, -0.0000e+00,  0.0000e+00,
         -0.0000e+00],
        [-4.5281e-06,  5.1707e-07,  1.9715e-06, -8.8461e-06, -1.3907e-05,
         -8.3107e-06,  6.4714e-09,  8.8723e-06,  5.6763e-07, -4.5998e-06,
          3.9162e-07, -4.5882e-07,  2.8328e-06,  5.1804e-06, -6.0771e-06,
          4.5767e-06,  1.1028e-06,  1.0997e-05,  8.5882e-06, -1.3125e-06,
          5.9781e-06],
        [ 0.0000e+00, -0.0000e+00, -0.0000e+00,  0.0000e+00,  0.0000e+00,
          0.0000e+00, -0.0000e+00, -0.0000e+00, -0.0000e+00,  0.0000e+00,
         -0.0000e+00,  0.0000e+00, -0.0000e+00, -0.0000e+00,  0.0000e+00,
         -0.0000e+00, -0.0000e+00, -0.0000e+00, -0.0000e+00,  0.0000e+00,
         -0.0000e+00],
        [ 2.2404e-06, -2.5583e-07, -9.7546e-07,  4.3768e-06,  6.8807e-06,
          4.1119e-06, -3.2019e-09, -4.3898e-06, -2.8085e-07,  2.2759e-06,
         -1.9376e-07,  2.2701e-07, -1.4016e-06, -2.5631e-06,  3.0068e-06,
         -2.2644e-06, -5.4566e-07, -5.4408e-06, -4.2492e-06,  6.4941e-07,
         -2.9578e-06],
        [ 0.0000e+00, -0.0000e+00, -0.0000e+00,  0.0000e+00,  0.0000e+00,
          0.0000e+00, -0.0000e+00, -0.0000e+00, -0.0000e+00,  0.0000e+00,
         -0.0000e+00,  0.0000e+00, -0.0000e+00, -0.0000e+00,  0.0000e+00,
         -0.0000e+00, -0.0000e+00, -0.0000e+00, -0.0000e+00,  0.0000e+00,
         -0.0000e+00],
        [ 0.0000e+00, -0.0000e+00, -0.0000e+00,  0.0000e+00,  0.0000e+00,
          0.0000e+00, -0.0000e+00, -0.0000e+00, -0.0000e+00,  0.0000e+00,
         -0.0000e+00,  0.0000e+00, -0.0000e+00, -0.0000e+00,  0.0000e+00,
         -0.0000e+00, -0.0000e+00, -0.0000e+00, -0.0000e+00,  0.0000e+00,
         -0.0000e+00],
        [ 0.0000e+00, -0.0000e+00, -0.0000e+00,  0.0000e+00,  0.0000e+00,
          0.0000e+00, -0.0000e+00, -0.0000e+00, -0.0000e+00,  0.0000e+00,
         -0.0000e+00,  0.0000e+00, -0.0000e+00, -0.0000e+00,  0.0000e+00,
         -0.0000e+00, -0.0000e+00, -0.0000e+00, -0.0000e+00,  0.0000e+00,
         -0.0000e+00],
        [-3.4343e-06,  3.9217e-07,  1.4953e-06, -6.7092e-06, -1.0547e-05,
         -6.3032e-06,  4.9082e-09,  6.7292e-06,  4.3051e-07, -3.4887e-06,
          2.9702e-07, -3.4799e-07,  2.1486e-06,  3.9290e-06, -4.6091e-06,
          3.4712e-06,  8.3644e-07,  8.3402e-06,  6.5137e-06, -9.9548e-07,
          4.5341e-06],
        [-2.9726e-06,  3.3945e-07,  1.2943e-06, -5.8073e-06, -9.1295e-06,
         -5.4559e-06,  4.2484e-09,  5.8245e-06,  3.7264e-07, -3.0197e-06,
          2.5709e-07, -3.0121e-07,  1.8597e-06,  3.4008e-06, -3.9895e-06,
          3.0045e-06,  7.2399e-07,  7.2190e-06,  5.6380e-06, -8.6166e-07,
          3.9245e-06],
        [ 3.2212e-06, -3.6784e-07, -1.4025e-06,  6.2930e-06,  9.8931e-06,
          5.9122e-06, -4.6037e-09, -6.3117e-06, -4.0381e-07,  3.2723e-06,
         -2.7859e-07,  3.2640e-07, -2.0153e-06, -3.6853e-06,  4.3232e-06,
         -3.2558e-06, -7.8455e-07, -7.8228e-06, -6.1096e-06,  9.3372e-07,
         -4.2528e-06],
        [ 5.2918e-08, -6.0428e-09, -2.3041e-08,  1.0338e-07,  1.6252e-07,
          9.7125e-08, -7.5629e-11, -1.0369e-07, -6.6337e-09,  5.3757e-08,
         -4.5767e-09,  5.3621e-09, -3.3106e-08, -6.0541e-08,  7.1021e-08,
         -5.3487e-08, -1.2888e-08, -1.2851e-07, -1.0037e-07,  1.5339e-08,
         -6.9864e-08],
        [ 0.0000e+00, -0.0000e+00, -0.0000e+00,  0.0000e+00,  0.0000e+00,
          0.0000e+00, -0.0000e+00, -0.0000e+00, -0.0000e+00,  0.0000e+00,
         -0.0000e+00,  0.0000e+00, -0.0000e+00, -0.0000e+00,  0.0000e+00,
         -0.0000e+00, -0.0000e+00, -0.0000e+00, -0.0000e+00,  0.0000e+00,
         -0.0000e+00],
        [ 3.1076e-06, -3.5486e-07, -1.3530e-06,  6.0710e-06,  9.5440e-06,
          5.7036e-06, -4.4413e-09, -6.0890e-06, -3.8956e-07,  3.1568e-06,
         -2.6876e-07,  3.1488e-07, -1.9442e-06, -3.5552e-06,  4.1706e-06,
         -3.1410e-06, -7.5686e-07, -7.5468e-06, -5.8940e-06,  9.0078e-07,
         -4.1027e-06],
        [-1.7746e-06,  2.0264e-07,  7.7266e-07, -3.4668e-06, -5.4502e-06,
         -3.2570e-06,  2.5362e-09,  3.4771e-06,  2.2246e-07, -1.8027e-06,
          1.5348e-07, -1.7982e-07,  1.1102e-06,  2.0302e-06, -2.3817e-06,
          1.7937e-06,  4.3221e-07,  4.3096e-06,  3.3658e-06, -5.1439e-07,
          2.3429e-06],
        [ 0.0000e+00, -0.0000e+00, -0.0000e+00,  0.0000e+00,  0.0000e+00,
          0.0000e+00, -0.0000e+00, -0.0000e+00, -0.0000e+00,  0.0000e+00,
         -0.0000e+00,  0.0000e+00, -0.0000e+00, -0.0000e+00,  0.0000e+00,
         -0.0000e+00, -0.0000e+00, -0.0000e+00, -0.0000e+00,  0.0000e+00,
         -0.0000e+00],
        [-2.6795e-07,  3.0598e-08,  1.1667e-07, -5.2347e-07, -8.2294e-07,
         -4.9179e-07,  3.8295e-10,  5.2503e-07,  3.3590e-08, -2.7220e-07,
          2.3174e-08, -2.7151e-08,  1.6764e-07,  3.0655e-07, -3.5961e-07,
          2.7083e-07,  6.5261e-08,  6.5073e-07,  5.0821e-07, -7.7670e-08,
          3.5376e-07],
        [ 0.0000e+00, -0.0000e+00, -0.0000e+00,  0.0000e+00,  0.0000e+00,
          0.0000e+00, -0.0000e+00, -0.0000e+00, -0.0000e+00,  0.0000e+00,
         -0.0000e+00,  0.0000e+00, -0.0000e+00, -0.0000e+00,  0.0000e+00,
         -0.0000e+00, -0.0000e+00, -0.0000e+00, -0.0000e+00,  0.0000e+00,
         -0.0000e+00],
        [ 3.7425e-07, -4.2736e-08, -1.6295e-07,  7.3114e-07,  1.1494e-06,
          6.8689e-07, -5.3487e-10, -7.3331e-07, -4.6915e-08,  3.8018e-07,
         -3.2368e-08,  3.7922e-08, -2.3414e-07, -4.2816e-07,  5.0228e-07,
         -3.7827e-07, -9.1151e-08, -9.0887e-07, -7.0982e-07,  1.0848e-07,
         -4.9410e-07],
        [ 3.1408e-06, -3.5865e-07, -1.3675e-06,  6.1359e-06,  9.6461e-06,
          5.7645e-06, -4.4887e-09, -6.1541e-06, -3.9372e-07,  3.1906e-06,
         -2.7164e-07,  3.1825e-07, -1.9649e-06, -3.5932e-06,  4.2152e-06,
         -3.1745e-06, -7.6496e-07, -7.6275e-06, -5.9570e-06,  9.1041e-07,
         -4.1466e-06],
        [-1.6879e-06,  1.9275e-07,  7.3493e-07, -3.2975e-06, -5.1840e-06,
         -3.0980e-06,  2.4123e-09,  3.3073e-06,  2.1159e-07, -1.7147e-06,
          1.4598e-07, -1.7103e-07,  1.0560e-06,  1.9311e-06, -2.2653e-06,
          1.7061e-06,  4.1110e-07,  4.0992e-06,  3.2014e-06, -4.8927e-07,
          2.2285e-06]])
Layer 1 auto_bias is
tensor([ 7.1526e-06,  0.0000e+00, -2.0530e-05,  0.0000e+00,  1.0158e-05,
         0.0000e+00,  0.0000e+00,  0.0000e+00, -1.5571e-05, -1.3478e-05,
         1.4605e-05,  2.3993e-07,  0.0000e+00,  1.4089e-05, -8.0458e-06,
         0.0000e+00, -1.2149e-06,  0.0000e+00,  1.6968e-06,  1.4240e-05,
        -7.6529e-06])
Layer 2 auto_weight is
tensor([[-2.1093e-05, -0.0000e+00, -1.4399e-05, -0.0000e+00, -4.9481e-06,
         -0.0000e+00, -0.0000e+00, -0.0000e+00, -1.1388e-05, -4.4247e-06,
         -1.8212e-05, -3.1969e-06, -0.0000e+00, -9.6629e-07, -1.7728e-05,
         -0.0000e+00, -5.8292e-06, -0.0000e+00, -1.3033e-05, -1.3646e-05,
         -1.8823e-05],
        [-5.8003e-06, -0.0000e+00, -3.9595e-06, -0.0000e+00, -1.3606e-06,
         -0.0000e+00, -0.0000e+00, -0.0000e+00, -3.1314e-06, -1.2167e-06,
         -5.0079e-06, -8.7907e-07, -0.0000e+00, -2.6571e-07, -4.8747e-06,
         -0.0000e+00, -1.6029e-06, -0.0000e+00, -3.5839e-06, -3.7524e-06,
         -5.1758e-06],
        [ 0.0000e+00,  0.0000e+00,  0.0000e+00,  0.0000e+00,  0.0000e+00,
          0.0000e+00,  0.0000e+00,  0.0000e+00,  0.0000e+00,  0.0000e+00,
          0.0000e+00,  0.0000e+00,  0.0000e+00,  0.0000e+00,  0.0000e+00,
          0.0000e+00,  0.0000e+00,  0.0000e+00,  0.0000e+00,  0.0000e+00,
          0.0000e+00],
        [ 0.0000e+00,  0.0000e+00,  0.0000e+00,  0.0000e+00,  0.0000e+00,
          0.0000e+00,  0.0000e+00,  0.0000e+00,  0.0000e+00,  0.0000e+00,
          0.0000e+00,  0.0000e+00,  0.0000e+00,  0.0000e+00,  0.0000e+00,
          0.0000e+00,  0.0000e+00,  0.0000e+00,  0.0000e+00,  0.0000e+00,
          0.0000e+00],
        [ 0.0000e+00,  0.0000e+00,  0.0000e+00,  0.0000e+00,  0.0000e+00,
          0.0000e+00,  0.0000e+00,  0.0000e+00,  0.0000e+00,  0.0000e+00,
          0.0000e+00,  0.0000e+00,  0.0000e+00,  0.0000e+00,  0.0000e+00,
          0.0000e+00,  0.0000e+00,  0.0000e+00,  0.0000e+00,  0.0000e+00,
          0.0000e+00],
        [ 0.0000e+00,  0.0000e+00,  0.0000e+00,  0.0000e+00,  0.0000e+00,
          0.0000e+00,  0.0000e+00,  0.0000e+00,  0.0000e+00,  0.0000e+00,
          0.0000e+00,  0.0000e+00,  0.0000e+00,  0.0000e+00,  0.0000e+00,
          0.0000e+00,  0.0000e+00,  0.0000e+00,  0.0000e+00,  0.0000e+00,
          0.0000e+00],
        [ 0.0000e+00,  0.0000e+00,  0.0000e+00,  0.0000e+00,  0.0000e+00,
          0.0000e+00,  0.0000e+00,  0.0000e+00,  0.0000e+00,  0.0000e+00,
          0.0000e+00,  0.0000e+00,  0.0000e+00,  0.0000e+00,  0.0000e+00,
          0.0000e+00,  0.0000e+00,  0.0000e+00,  0.0000e+00,  0.0000e+00,
          0.0000e+00],
        [-3.8722e-06, -0.0000e+00, -2.6433e-06, -0.0000e+00, -9.0833e-07,
         -0.0000e+00, -0.0000e+00, -0.0000e+00, -2.0905e-06, -8.1225e-07,
         -3.3432e-06, -5.8685e-07, -0.0000e+00, -1.7738e-07, -3.2543e-06,
         -0.0000e+00, -1.0701e-06, -0.0000e+00, -2.3925e-06, -2.5050e-06,
         -3.4553e-06],
        [-3.9581e-06, -0.0000e+00, -2.7019e-06, -0.0000e+00, -9.2848e-07,
         -0.0000e+00, -0.0000e+00, -0.0000e+00, -2.1369e-06, -8.3027e-07,
         -3.4174e-06, -5.9988e-07, -0.0000e+00, -1.8132e-07, -3.3265e-06,
         -0.0000e+00, -1.0938e-06, -0.0000e+00, -2.4456e-06, -2.5606e-06,
         -3.5319e-06],
        [-2.0627e-06, -0.0000e+00, -1.4081e-06, -0.0000e+00, -4.8386e-07,
         -0.0000e+00, -0.0000e+00, -0.0000e+00, -1.1136e-06, -4.3268e-07,
         -1.7809e-06, -3.1261e-07, -0.0000e+00, -9.4491e-08, -1.7335e-06,
         -0.0000e+00, -5.7002e-07, -0.0000e+00, -1.2745e-06, -1.3344e-06,
         -1.8406e-06],
        [ 0.0000e+00,  0.0000e+00,  0.0000e+00,  0.0000e+00,  0.0000e+00,
          0.0000e+00,  0.0000e+00,  0.0000e+00,  0.0000e+00,  0.0000e+00,
          0.0000e+00,  0.0000e+00,  0.0000e+00,  0.0000e+00,  0.0000e+00,
          0.0000e+00,  0.0000e+00,  0.0000e+00,  0.0000e+00,  0.0000e+00,
          0.0000e+00],
        [ 7.1239e-06,  0.0000e+00,  4.8631e-06,  0.0000e+00,  1.6711e-06,
          0.0000e+00,  0.0000e+00,  0.0000e+00,  3.8460e-06,  1.4944e-06,
          6.1508e-06,  1.0797e-06,  0.0000e+00,  3.2635e-07,  5.9871e-06,
          0.0000e+00,  1.9687e-06,  0.0000e+00,  4.4017e-06,  4.6087e-06,
          6.3569e-06],
        [ 0.0000e+00,  0.0000e+00,  0.0000e+00,  0.0000e+00,  0.0000e+00,
          0.0000e+00,  0.0000e+00,  0.0000e+00,  0.0000e+00,  0.0000e+00,
          0.0000e+00,  0.0000e+00,  0.0000e+00,  0.0000e+00,  0.0000e+00,
          0.0000e+00,  0.0000e+00,  0.0000e+00,  0.0000e+00,  0.0000e+00,
          0.0000e+00],
        [ 0.0000e+00,  0.0000e+00,  0.0000e+00,  0.0000e+00,  0.0000e+00,
          0.0000e+00,  0.0000e+00,  0.0000e+00,  0.0000e+00,  0.0000e+00,
          0.0000e+00,  0.0000e+00,  0.0000e+00,  0.0000e+00,  0.0000e+00,
          0.0000e+00,  0.0000e+00,  0.0000e+00,  0.0000e+00,  0.0000e+00,
          0.0000e+00],
        [ 1.0028e-05,  0.0000e+00,  6.8458e-06,  0.0000e+00,  2.3525e-06,
          0.0000e+00,  0.0000e+00,  0.0000e+00,  5.4141e-06,  2.1036e-06,
          8.6586e-06,  1.5199e-06,  0.0000e+00,  4.5940e-07,  8.4282e-06,
          0.0000e+00,  2.7714e-06,  0.0000e+00,  6.1964e-06,  6.4877e-06,
          8.9488e-06],
        [ 0.0000e+00,  0.0000e+00,  0.0000e+00,  0.0000e+00,  0.0000e+00,
          0.0000e+00,  0.0000e+00,  0.0000e+00,  0.0000e+00,  0.0000e+00,
          0.0000e+00,  0.0000e+00,  0.0000e+00,  0.0000e+00,  0.0000e+00,
          0.0000e+00,  0.0000e+00,  0.0000e+00,  0.0000e+00,  0.0000e+00,
          0.0000e+00],
        [-2.3236e-05, -0.0000e+00, -1.5862e-05, -0.0000e+00, -5.4507e-06,
         -0.0000e+00, -0.0000e+00, -0.0000e+00, -1.2545e-05, -4.8741e-06,
         -2.0062e-05, -3.5216e-06, -0.0000e+00, -1.0644e-06, -1.9528e-05,
         -0.0000e+00, -6.4213e-06, -0.0000e+00, -1.4357e-05, -1.5032e-05,
         -2.0734e-05],
        [-8.7888e-06, -0.0000e+00, -5.9996e-06, -0.0000e+00, -2.0617e-06,
         -0.0000e+00, -0.0000e+00, -0.0000e+00, -4.7449e-06, -1.8436e-06,
         -7.5882e-06, -1.3320e-06, -0.0000e+00, -4.0261e-07, -7.3864e-06,
         -0.0000e+00, -2.4288e-06, -0.0000e+00, -5.4305e-06, -5.6857e-06,
         -7.8426e-06],
        [ 4.3866e-06,  0.0000e+00,  2.9944e-06,  0.0000e+00,  1.0290e-06,
          0.0000e+00,  0.0000e+00,  0.0000e+00,  2.3682e-06,  9.2015e-07,
          3.7874e-06,  6.6482e-07,  0.0000e+00,  2.0095e-07,  3.6866e-06,
          0.0000e+00,  1.2122e-06,  0.0000e+00,  2.7104e-06,  2.8378e-06,
          3.9143e-06],
        [ 0.0000e+00,  0.0000e+00,  0.0000e+00,  0.0000e+00,  0.0000e+00,
          0.0000e+00,  0.0000e+00,  0.0000e+00,  0.0000e+00,  0.0000e+00,
          0.0000e+00,  0.0000e+00,  0.0000e+00,  0.0000e+00,  0.0000e+00,
          0.0000e+00,  0.0000e+00,  0.0000e+00,  0.0000e+00,  0.0000e+00,
          0.0000e+00],
        [ 0.0000e+00,  0.0000e+00,  0.0000e+00,  0.0000e+00,  0.0000e+00,
          0.0000e+00,  0.0000e+00,  0.0000e+00,  0.0000e+00,  0.0000e+00,
          0.0000e+00,  0.0000e+00,  0.0000e+00,  0.0000e+00,  0.0000e+00,
          0.0000e+00,  0.0000e+00,  0.0000e+00,  0.0000e+00,  0.0000e+00,
          0.0000e+00]])
Layer 2 auto_bias is
tensor([-4.6073e-05, -1.2669e-05,  0.0000e+00,  0.0000e+00,  0.0000e+00,
         0.0000e+00,  0.0000e+00, -8.4577e-06, -8.6453e-06, -4.5053e-06,
         0.0000e+00,  1.5560e-05,  0.0000e+00,  0.0000e+00,  2.1905e-05,
         0.0000e+00, -5.0753e-05, -1.9197e-05,  9.5813e-06,  0.0000e+00,
         0.0000e+00])
Layer 3 auto_weight is
tensor([[ 4.1384e-07,  7.0320e-06,  0.0000e+00,  0.0000e+00,  0.0000e+00,
          0.0000e+00,  0.0000e+00,  1.9739e-06,  8.0030e-07,  8.1993e-06,
          0.0000e+00,  9.5803e-06,  0.0000e+00,  0.0000e+00,  5.3618e-06,
          0.0000e+00,  2.0915e-06,  2.6992e-06,  9.4857e-07,  0.0000e+00,
          0.0000e+00],
        [-1.9445e-07, -3.3041e-06, -0.0000e+00, -0.0000e+00, -0.0000e+00,
         -0.0000e+00, -0.0000e+00, -9.2746e-07, -3.7603e-07, -3.8525e-06,
         -0.0000e+00, -4.5014e-06, -0.0000e+00, -0.0000e+00, -2.5193e-06,
         -0.0000e+00, -9.8273e-07, -1.2683e-06, -4.4569e-07, -0.0000e+00,
         -0.0000e+00],
        [ 0.0000e+00,  0.0000e+00,  0.0000e+00,  0.0000e+00,  0.0000e+00,
          0.0000e+00,  0.0000e+00,  0.0000e+00,  0.0000e+00,  0.0000e+00,
          0.0000e+00,  0.0000e+00,  0.0000e+00,  0.0000e+00,  0.0000e+00,
          0.0000e+00,  0.0000e+00,  0.0000e+00,  0.0000e+00,  0.0000e+00,
          0.0000e+00],
        [ 0.0000e+00,  0.0000e+00,  0.0000e+00,  0.0000e+00,  0.0000e+00,
          0.0000e+00,  0.0000e+00,  0.0000e+00,  0.0000e+00,  0.0000e+00,
          0.0000e+00,  0.0000e+00,  0.0000e+00,  0.0000e+00,  0.0000e+00,
          0.0000e+00,  0.0000e+00,  0.0000e+00,  0.0000e+00,  0.0000e+00,
          0.0000e+00],
        [ 7.5140e-07,  1.2768e-05,  0.0000e+00,  0.0000e+00,  0.0000e+00,
          0.0000e+00,  0.0000e+00,  3.5839e-06,  1.4531e-06,  1.4887e-05,
          0.0000e+00,  1.7395e-05,  0.0000e+00,  0.0000e+00,  9.7352e-06,
          0.0000e+00,  3.7975e-06,  4.9009e-06,  1.7223e-06,  0.0000e+00,
          0.0000e+00],
        [ 0.0000e+00,  0.0000e+00,  0.0000e+00,  0.0000e+00,  0.0000e+00,
          0.0000e+00,  0.0000e+00,  0.0000e+00,  0.0000e+00,  0.0000e+00,
          0.0000e+00,  0.0000e+00,  0.0000e+00,  0.0000e+00,  0.0000e+00,
          0.0000e+00,  0.0000e+00,  0.0000e+00,  0.0000e+00,  0.0000e+00,
          0.0000e+00],
        [ 0.0000e+00,  0.0000e+00,  0.0000e+00,  0.0000e+00,  0.0000e+00,
          0.0000e+00,  0.0000e+00,  0.0000e+00,  0.0000e+00,  0.0000e+00,
          0.0000e+00,  0.0000e+00,  0.0000e+00,  0.0000e+00,  0.0000e+00,
          0.0000e+00,  0.0000e+00,  0.0000e+00,  0.0000e+00,  0.0000e+00,
          0.0000e+00],
        [ 0.0000e+00,  0.0000e+00,  0.0000e+00,  0.0000e+00,  0.0000e+00,
          0.0000e+00,  0.0000e+00,  0.0000e+00,  0.0000e+00,  0.0000e+00,
          0.0000e+00,  0.0000e+00,  0.0000e+00,  0.0000e+00,  0.0000e+00,
          0.0000e+00,  0.0000e+00,  0.0000e+00,  0.0000e+00,  0.0000e+00,
          0.0000e+00],
        [ 0.0000e+00,  0.0000e+00,  0.0000e+00,  0.0000e+00,  0.0000e+00,
          0.0000e+00,  0.0000e+00,  0.0000e+00,  0.0000e+00,  0.0000e+00,
          0.0000e+00,  0.0000e+00,  0.0000e+00,  0.0000e+00,  0.0000e+00,
          0.0000e+00,  0.0000e+00,  0.0000e+00,  0.0000e+00,  0.0000e+00,
          0.0000e+00],
        [ 0.0000e+00,  0.0000e+00,  0.0000e+00,  0.0000e+00,  0.0000e+00,
          0.0000e+00,  0.0000e+00,  0.0000e+00,  0.0000e+00,  0.0000e+00,
          0.0000e+00,  0.0000e+00,  0.0000e+00,  0.0000e+00,  0.0000e+00,
          0.0000e+00,  0.0000e+00,  0.0000e+00,  0.0000e+00,  0.0000e+00,
          0.0000e+00],
        [ 0.0000e+00,  0.0000e+00,  0.0000e+00,  0.0000e+00,  0.0000e+00,
          0.0000e+00,  0.0000e+00,  0.0000e+00,  0.0000e+00,  0.0000e+00,
          0.0000e+00,  0.0000e+00,  0.0000e+00,  0.0000e+00,  0.0000e+00,
          0.0000e+00,  0.0000e+00,  0.0000e+00,  0.0000e+00,  0.0000e+00,
          0.0000e+00],
        [ 0.0000e+00,  0.0000e+00,  0.0000e+00,  0.0000e+00,  0.0000e+00,
          0.0000e+00,  0.0000e+00,  0.0000e+00,  0.0000e+00,  0.0000e+00,
          0.0000e+00,  0.0000e+00,  0.0000e+00,  0.0000e+00,  0.0000e+00,
          0.0000e+00,  0.0000e+00,  0.0000e+00,  0.0000e+00,  0.0000e+00,
          0.0000e+00],
        [ 4.4290e-08,  7.5258e-07,  0.0000e+00,  0.0000e+00,  0.0000e+00,
          0.0000e+00,  0.0000e+00,  2.1125e-07,  8.5650e-08,  8.7751e-07,
          0.0000e+00,  1.0253e-06,  0.0000e+00,  0.0000e+00,  5.7383e-07,
          0.0000e+00,  2.2384e-07,  2.8888e-07,  1.0152e-07,  0.0000e+00,
          0.0000e+00],
        [ 0.0000e+00,  0.0000e+00,  0.0000e+00,  0.0000e+00,  0.0000e+00,
          0.0000e+00,  0.0000e+00,  0.0000e+00,  0.0000e+00,  0.0000e+00,
          0.0000e+00,  0.0000e+00,  0.0000e+00,  0.0000e+00,  0.0000e+00,
          0.0000e+00,  0.0000e+00,  0.0000e+00,  0.0000e+00,  0.0000e+00,
          0.0000e+00],
        [ 0.0000e+00,  0.0000e+00,  0.0000e+00,  0.0000e+00,  0.0000e+00,
          0.0000e+00,  0.0000e+00,  0.0000e+00,  0.0000e+00,  0.0000e+00,
          0.0000e+00,  0.0000e+00,  0.0000e+00,  0.0000e+00,  0.0000e+00,
          0.0000e+00,  0.0000e+00,  0.0000e+00,  0.0000e+00,  0.0000e+00,
          0.0000e+00],
        [-2.0341e-06, -3.4563e-05, -0.0000e+00, -0.0000e+00, -0.0000e+00,
         -0.0000e+00, -0.0000e+00, -9.7020e-06, -3.9336e-06, -4.0301e-05,
         -0.0000e+00, -4.7089e-05, -0.0000e+00, -0.0000e+00, -2.6354e-05,
         -0.0000e+00, -1.0280e-05, -1.3267e-05, -4.6623e-06, -0.0000e+00,
         -0.0000e+00],
        [-8.3165e-07, -1.4131e-05, -0.0000e+00, -0.0000e+00, -0.0000e+00,
         -0.0000e+00, -0.0000e+00, -3.9667e-06, -1.6083e-06, -1.6477e-05,
         -0.0000e+00, -1.9252e-05, -0.0000e+00, -0.0000e+00, -1.0775e-05,
         -0.0000e+00, -4.2031e-06, -5.4243e-06, -1.9062e-06, -0.0000e+00,
         -0.0000e+00],
        [ 0.0000e+00,  0.0000e+00,  0.0000e+00,  0.0000e+00,  0.0000e+00,
          0.0000e+00,  0.0000e+00,  0.0000e+00,  0.0000e+00,  0.0000e+00,
          0.0000e+00,  0.0000e+00,  0.0000e+00,  0.0000e+00,  0.0000e+00,
          0.0000e+00,  0.0000e+00,  0.0000e+00,  0.0000e+00,  0.0000e+00,
          0.0000e+00],
        [ 1.1194e-06,  1.9021e-05,  0.0000e+00,  0.0000e+00,  0.0000e+00,
          0.0000e+00,  0.0000e+00,  5.3392e-06,  2.1647e-06,  2.2178e-05,
          0.0000e+00,  2.5913e-05,  0.0000e+00,  0.0000e+00,  1.4503e-05,
          0.0000e+00,  5.6573e-06,  7.3011e-06,  2.5657e-06,  0.0000e+00,
          0.0000e+00],
        [ 0.0000e+00,  0.0000e+00,  0.0000e+00,  0.0000e+00,  0.0000e+00,
          0.0000e+00,  0.0000e+00,  0.0000e+00,  0.0000e+00,  0.0000e+00,
          0.0000e+00,  0.0000e+00,  0.0000e+00,  0.0000e+00,  0.0000e+00,
          0.0000e+00,  0.0000e+00,  0.0000e+00,  0.0000e+00,  0.0000e+00,
          0.0000e+00],
        [ 0.0000e+00,  0.0000e+00,  0.0000e+00,  0.0000e+00,  0.0000e+00,
          0.0000e+00,  0.0000e+00,  0.0000e+00,  0.0000e+00,  0.0000e+00,
          0.0000e+00,  0.0000e+00,  0.0000e+00,  0.0000e+00,  0.0000e+00,
          0.0000e+00,  0.0000e+00,  0.0000e+00,  0.0000e+00,  0.0000e+00,
          0.0000e+00]])
Layer 3 auto_bias is
tensor([ 3.3423e-05, -1.5704e-05,  0.0000e+00,  0.0000e+00,  6.0684e-05,
         0.0000e+00,  0.0000e+00,  0.0000e+00,  0.0000e+00,  0.0000e+00,
         0.0000e+00,  0.0000e+00,  3.5770e-06,  0.0000e+00,  0.0000e+00,
        -1.6428e-04, -6.7166e-05,  0.0000e+00,  9.0404e-05,  0.0000e+00,
         0.0000e+00])
Layer 4 auto_weight is
tensor([[-2.7462e-05, -2.3009e-06, -0.0000e+00, -0.0000e+00, -4.2270e-05,
         -0.0000e+00, -0.0000e+00, -0.0000e+00, -0.0000e+00, -0.0000e+00,
         -0.0000e+00, -0.0000e+00, -1.7473e-05, -0.0000e+00, -0.0000e+00,
         -1.7996e-05, -3.2170e-05, -0.0000e+00, -2.8454e-05, -0.0000e+00,
         -0.0000e+00],
        [ 0.0000e+00,  0.0000e+00,  0.0000e+00,  0.0000e+00,  0.0000e+00,
          0.0000e+00,  0.0000e+00,  0.0000e+00,  0.0000e+00,  0.0000e+00,
          0.0000e+00,  0.0000e+00,  0.0000e+00,  0.0000e+00,  0.0000e+00,
          0.0000e+00,  0.0000e+00,  0.0000e+00,  0.0000e+00,  0.0000e+00,
          0.0000e+00],
        [ 0.0000e+00,  0.0000e+00,  0.0000e+00,  0.0000e+00,  0.0000e+00,
          0.0000e+00,  0.0000e+00,  0.0000e+00,  0.0000e+00,  0.0000e+00,
          0.0000e+00,  0.0000e+00,  0.0000e+00,  0.0000e+00,  0.0000e+00,
          0.0000e+00,  0.0000e+00,  0.0000e+00,  0.0000e+00,  0.0000e+00,
          0.0000e+00],
        [-5.9238e-05, -4.9632e-06, -0.0000e+00, -0.0000e+00, -9.1183e-05,
         -0.0000e+00, -0.0000e+00, -0.0000e+00, -0.0000e+00, -0.0000e+00,
         -0.0000e+00, -0.0000e+00, -3.7691e-05, -0.0000e+00, -0.0000e+00,
         -3.8820e-05, -6.9395e-05, -0.0000e+00, -6.1380e-05, -0.0000e+00,
         -0.0000e+00],
        [ 0.0000e+00,  0.0000e+00,  0.0000e+00,  0.0000e+00,  0.0000e+00,
          0.0000e+00,  0.0000e+00,  0.0000e+00,  0.0000e+00,  0.0000e+00,
          0.0000e+00,  0.0000e+00,  0.0000e+00,  0.0000e+00,  0.0000e+00,
          0.0000e+00,  0.0000e+00,  0.0000e+00,  0.0000e+00,  0.0000e+00,
          0.0000e+00],
        [ 4.6338e-05,  3.8824e-06,  0.0000e+00,  0.0000e+00,  7.1326e-05,
          0.0000e+00,  0.0000e+00,  0.0000e+00,  0.0000e+00,  0.0000e+00,
          0.0000e+00,  0.0000e+00,  2.9483e-05,  0.0000e+00,  0.0000e+00,
          3.0366e-05,  5.4282e-05,  0.0000e+00,  4.8013e-05,  0.0000e+00,
          0.0000e+00],
        [-1.9068e-05, -1.5976e-06, -0.0000e+00, -0.0000e+00, -2.9351e-05,
         -0.0000e+00, -0.0000e+00, -0.0000e+00, -0.0000e+00, -0.0000e+00,
         -0.0000e+00, -0.0000e+00, -1.2133e-05, -0.0000e+00, -0.0000e+00,
         -1.2496e-05, -2.2338e-05, -0.0000e+00, -1.9758e-05, -0.0000e+00,
         -0.0000e+00],
        [ 0.0000e+00,  0.0000e+00,  0.0000e+00,  0.0000e+00,  0.0000e+00,
          0.0000e+00,  0.0000e+00,  0.0000e+00,  0.0000e+00,  0.0000e+00,
          0.0000e+00,  0.0000e+00,  0.0000e+00,  0.0000e+00,  0.0000e+00,
          0.0000e+00,  0.0000e+00,  0.0000e+00,  0.0000e+00,  0.0000e+00,
          0.0000e+00],
        [ 0.0000e+00,  0.0000e+00,  0.0000e+00,  0.0000e+00,  0.0000e+00,
          0.0000e+00,  0.0000e+00,  0.0000e+00,  0.0000e+00,  0.0000e+00,
          0.0000e+00,  0.0000e+00,  0.0000e+00,  0.0000e+00,  0.0000e+00,
          0.0000e+00,  0.0000e+00,  0.0000e+00,  0.0000e+00,  0.0000e+00,
          0.0000e+00],
        [ 0.0000e+00,  0.0000e+00,  0.0000e+00,  0.0000e+00,  0.0000e+00,
          0.0000e+00,  0.0000e+00,  0.0000e+00,  0.0000e+00,  0.0000e+00,
          0.0000e+00,  0.0000e+00,  0.0000e+00,  0.0000e+00,  0.0000e+00,
          0.0000e+00,  0.0000e+00,  0.0000e+00,  0.0000e+00,  0.0000e+00,
          0.0000e+00],
        [-3.2906e-05, -2.7570e-06, -0.0000e+00, -0.0000e+00, -5.0651e-05,
         -0.0000e+00, -0.0000e+00, -0.0000e+00, -0.0000e+00, -0.0000e+00,
         -0.0000e+00, -0.0000e+00, -2.0937e-05, -0.0000e+00, -0.0000e+00,
         -2.1564e-05, -3.8548e-05, -0.0000e+00, -3.4096e-05, -0.0000e+00,
         -0.0000e+00],
        [ 0.0000e+00,  0.0000e+00,  0.0000e+00,  0.0000e+00,  0.0000e+00,
          0.0000e+00,  0.0000e+00,  0.0000e+00,  0.0000e+00,  0.0000e+00,
          0.0000e+00,  0.0000e+00,  0.0000e+00,  0.0000e+00,  0.0000e+00,
          0.0000e+00,  0.0000e+00,  0.0000e+00,  0.0000e+00,  0.0000e+00,
          0.0000e+00],
        [ 0.0000e+00,  0.0000e+00,  0.0000e+00,  0.0000e+00,  0.0000e+00,
          0.0000e+00,  0.0000e+00,  0.0000e+00,  0.0000e+00,  0.0000e+00,
          0.0000e+00,  0.0000e+00,  0.0000e+00,  0.0000e+00,  0.0000e+00,
          0.0000e+00,  0.0000e+00,  0.0000e+00,  0.0000e+00,  0.0000e+00,
          0.0000e+00],
        [-5.5527e-05, -4.6523e-06, -0.0000e+00, -0.0000e+00, -8.5470e-05,
         -0.0000e+00, -0.0000e+00, -0.0000e+00, -0.0000e+00, -0.0000e+00,
         -0.0000e+00, -0.0000e+00, -3.5330e-05, -0.0000e+00, -0.0000e+00,
         -3.6388e-05, -6.5047e-05, -0.0000e+00, -5.7534e-05, -0.0000e+00,
         -0.0000e+00],
        [ 0.0000e+00,  0.0000e+00,  0.0000e+00,  0.0000e+00,  0.0000e+00,
          0.0000e+00,  0.0000e+00,  0.0000e+00,  0.0000e+00,  0.0000e+00,
          0.0000e+00,  0.0000e+00,  0.0000e+00,  0.0000e+00,  0.0000e+00,
          0.0000e+00,  0.0000e+00,  0.0000e+00,  0.0000e+00,  0.0000e+00,
          0.0000e+00],
        [ 1.6227e-05,  1.3596e-06,  0.0000e+00,  0.0000e+00,  2.4977e-05,
          0.0000e+00,  0.0000e+00,  0.0000e+00,  0.0000e+00,  0.0000e+00,
          0.0000e+00,  0.0000e+00,  1.0325e-05,  0.0000e+00,  0.0000e+00,
          1.0634e-05,  1.9009e-05,  0.0000e+00,  1.6814e-05,  0.0000e+00,
          0.0000e+00],
        [-1.8659e-05, -1.5634e-06, -0.0000e+00, -0.0000e+00, -2.8722e-05,
         -0.0000e+00, -0.0000e+00, -0.0000e+00, -0.0000e+00, -0.0000e+00,
         -0.0000e+00, -0.0000e+00, -1.1872e-05, -0.0000e+00, -0.0000e+00,
         -1.2228e-05, -2.1859e-05, -0.0000e+00, -1.9334e-05, -0.0000e+00,
         -0.0000e+00],
        [ 0.0000e+00,  0.0000e+00,  0.0000e+00,  0.0000e+00,  0.0000e+00,
          0.0000e+00,  0.0000e+00,  0.0000e+00,  0.0000e+00,  0.0000e+00,
          0.0000e+00,  0.0000e+00,  0.0000e+00,  0.0000e+00,  0.0000e+00,
          0.0000e+00,  0.0000e+00,  0.0000e+00,  0.0000e+00,  0.0000e+00,
          0.0000e+00],
        [ 0.0000e+00,  0.0000e+00,  0.0000e+00,  0.0000e+00,  0.0000e+00,
          0.0000e+00,  0.0000e+00,  0.0000e+00,  0.0000e+00,  0.0000e+00,
          0.0000e+00,  0.0000e+00,  0.0000e+00,  0.0000e+00,  0.0000e+00,
          0.0000e+00,  0.0000e+00,  0.0000e+00,  0.0000e+00,  0.0000e+00,
          0.0000e+00],
        [ 4.3695e-06,  3.6609e-07,  0.0000e+00,  0.0000e+00,  6.7257e-06,
          0.0000e+00,  0.0000e+00,  0.0000e+00,  0.0000e+00,  0.0000e+00,
          0.0000e+00,  0.0000e+00,  2.7801e-06,  0.0000e+00,  0.0000e+00,
          2.8634e-06,  5.1186e-06,  0.0000e+00,  4.5274e-06,  0.0000e+00,
          0.0000e+00],
        [ 0.0000e+00,  0.0000e+00,  0.0000e+00,  0.0000e+00,  0.0000e+00,
          0.0000e+00,  0.0000e+00,  0.0000e+00,  0.0000e+00,  0.0000e+00,
          0.0000e+00,  0.0000e+00,  0.0000e+00,  0.0000e+00,  0.0000e+00,
          0.0000e+00,  0.0000e+00,  0.0000e+00,  0.0000e+00,  0.0000e+00,
          0.0000e+00]])
Layer 4 auto_bias is
tensor([-1.4098e-04,  0.0000e+00,  0.0000e+00, -3.0412e-04,  0.0000e+00,
         2.3789e-04, -9.7896e-05,  0.0000e+00,  0.0000e+00,  0.0000e+00,
        -1.6894e-04,  0.0000e+00,  0.0000e+00, -2.8507e-04,  0.0000e+00,
         8.3308e-05, -9.5796e-05,  0.0000e+00,  0.0000e+00,  2.2432e-05,
         0.0000e+00])
Layer 5 auto_weight is
tensor([[ 0.0000e+00,  0.0000e+00,  0.0000e+00,  0.0000e+00,  0.0000e+00,
          0.0000e+00,  0.0000e+00,  0.0000e+00,  0.0000e+00,  0.0000e+00,
          0.0000e+00,  0.0000e+00,  0.0000e+00,  0.0000e+00,  0.0000e+00,
          0.0000e+00,  0.0000e+00,  0.0000e+00,  0.0000e+00,  0.0000e+00,
          0.0000e+00],
        [ 2.3190e-04,  0.0000e+00,  0.0000e+00,  1.1787e-04,  0.0000e+00,
          8.6484e-05,  5.6220e-05,  0.0000e+00,  0.0000e+00,  0.0000e+00,
          2.3300e-04,  0.0000e+00,  0.0000e+00,  5.7732e-05,  0.0000e+00,
          2.2039e-04,  2.3369e-05,  0.0000e+00,  0.0000e+00,  1.3996e-04,
          0.0000e+00],
        [ 0.0000e+00,  0.0000e+00,  0.0000e+00,  0.0000e+00,  0.0000e+00,
          0.0000e+00,  0.0000e+00,  0.0000e+00,  0.0000e+00,  0.0000e+00,
          0.0000e+00,  0.0000e+00,  0.0000e+00,  0.0000e+00,  0.0000e+00,
          0.0000e+00,  0.0000e+00,  0.0000e+00,  0.0000e+00,  0.0000e+00,
          0.0000e+00],
        [ 0.0000e+00,  0.0000e+00,  0.0000e+00,  0.0000e+00,  0.0000e+00,
          0.0000e+00,  0.0000e+00,  0.0000e+00,  0.0000e+00,  0.0000e+00,
          0.0000e+00,  0.0000e+00,  0.0000e+00,  0.0000e+00,  0.0000e+00,
          0.0000e+00,  0.0000e+00,  0.0000e+00,  0.0000e+00,  0.0000e+00,
          0.0000e+00],
        [-1.4739e-04, -0.0000e+00, -0.0000e+00, -7.4912e-05, -0.0000e+00,
         -5.4965e-05, -3.5731e-05, -0.0000e+00, -0.0000e+00, -0.0000e+00,
         -1.4808e-04, -0.0000e+00, -0.0000e+00, -3.6692e-05, -0.0000e+00,
         -1.4007e-04, -1.4852e-05, -0.0000e+00, -0.0000e+00, -8.8953e-05,
         -0.0000e+00],
        [ 0.0000e+00,  0.0000e+00,  0.0000e+00,  0.0000e+00,  0.0000e+00,
          0.0000e+00,  0.0000e+00,  0.0000e+00,  0.0000e+00,  0.0000e+00,
          0.0000e+00,  0.0000e+00,  0.0000e+00,  0.0000e+00,  0.0000e+00,
          0.0000e+00,  0.0000e+00,  0.0000e+00,  0.0000e+00,  0.0000e+00,
          0.0000e+00],
        [ 0.0000e+00,  0.0000e+00,  0.0000e+00,  0.0000e+00,  0.0000e+00,
          0.0000e+00,  0.0000e+00,  0.0000e+00,  0.0000e+00,  0.0000e+00,
          0.0000e+00,  0.0000e+00,  0.0000e+00,  0.0000e+00,  0.0000e+00,
          0.0000e+00,  0.0000e+00,  0.0000e+00,  0.0000e+00,  0.0000e+00,
          0.0000e+00],
        [ 1.4727e-04,  0.0000e+00,  0.0000e+00,  7.4855e-05,  0.0000e+00,
          5.4923e-05,  3.5704e-05,  0.0000e+00,  0.0000e+00,  0.0000e+00,
          1.4797e-04,  0.0000e+00,  0.0000e+00,  3.6664e-05,  0.0000e+00,
          1.3996e-04,  1.4841e-05,  0.0000e+00,  0.0000e+00,  8.8885e-05,
          0.0000e+00],
        [ 0.0000e+00,  0.0000e+00,  0.0000e+00,  0.0000e+00,  0.0000e+00,
          0.0000e+00,  0.0000e+00,  0.0000e+00,  0.0000e+00,  0.0000e+00,
          0.0000e+00,  0.0000e+00,  0.0000e+00,  0.0000e+00,  0.0000e+00,
          0.0000e+00,  0.0000e+00,  0.0000e+00,  0.0000e+00,  0.0000e+00,
          0.0000e+00],
        [ 0.0000e+00,  0.0000e+00,  0.0000e+00,  0.0000e+00,  0.0000e+00,
          0.0000e+00,  0.0000e+00,  0.0000e+00,  0.0000e+00,  0.0000e+00,
          0.0000e+00,  0.0000e+00,  0.0000e+00,  0.0000e+00,  0.0000e+00,
          0.0000e+00,  0.0000e+00,  0.0000e+00,  0.0000e+00,  0.0000e+00,
          0.0000e+00],
        [ 0.0000e+00,  0.0000e+00,  0.0000e+00,  0.0000e+00,  0.0000e+00,
          0.0000e+00,  0.0000e+00,  0.0000e+00,  0.0000e+00,  0.0000e+00,
          0.0000e+00,  0.0000e+00,  0.0000e+00,  0.0000e+00,  0.0000e+00,
          0.0000e+00,  0.0000e+00,  0.0000e+00,  0.0000e+00,  0.0000e+00,
          0.0000e+00],
        [-8.7619e-06, -0.0000e+00, -0.0000e+00, -4.4534e-06, -0.0000e+00,
         -3.2676e-06, -2.1241e-06, -0.0000e+00, -0.0000e+00, -0.0000e+00,
         -8.8031e-06, -0.0000e+00, -0.0000e+00, -2.1813e-06, -0.0000e+00,
         -8.3267e-06, -8.8293e-07, -0.0000e+00, -0.0000e+00, -5.2881e-06,
         -0.0000e+00],
        [ 9.9452e-05,  0.0000e+00,  0.0000e+00,  5.0548e-05,  0.0000e+00,
          3.7088e-05,  2.4110e-05,  0.0000e+00,  0.0000e+00,  0.0000e+00,
          9.9919e-05,  0.0000e+00,  0.0000e+00,  2.4758e-05,  0.0000e+00,
          9.4512e-05,  1.0022e-05,  0.0000e+00,  0.0000e+00,  6.0022e-05,
          0.0000e+00],
        [-3.1108e-04, -0.0000e+00, -0.0000e+00, -1.5811e-04, -0.0000e+00,
         -1.1601e-04, -7.5416e-05, -0.0000e+00, -0.0000e+00, -0.0000e+00,
         -3.1255e-04, -0.0000e+00, -0.0000e+00, -7.7444e-05, -0.0000e+00,
         -2.9563e-04, -3.1347e-05, -0.0000e+00, -0.0000e+00, -1.8775e-04,
         -0.0000e+00],
        [ 0.0000e+00,  0.0000e+00,  0.0000e+00,  0.0000e+00,  0.0000e+00,
          0.0000e+00,  0.0000e+00,  0.0000e+00,  0.0000e+00,  0.0000e+00,
          0.0000e+00,  0.0000e+00,  0.0000e+00,  0.0000e+00,  0.0000e+00,
          0.0000e+00,  0.0000e+00,  0.0000e+00,  0.0000e+00,  0.0000e+00,
          0.0000e+00],
        [-1.5578e-04, -0.0000e+00, -0.0000e+00, -7.9180e-05, -0.0000e+00,
         -5.8096e-05, -3.7766e-05, -0.0000e+00, -0.0000e+00, -0.0000e+00,
         -1.5652e-04, -0.0000e+00, -0.0000e+00, -3.8782e-05, -0.0000e+00,
         -1.4805e-04, -1.5698e-05, -0.0000e+00, -0.0000e+00, -9.4021e-05,
         -0.0000e+00],
        [-6.5304e-05, -0.0000e+00, -0.0000e+00, -3.3192e-05, -0.0000e+00,
         -2.4354e-05, -1.5832e-05, -0.0000e+00, -0.0000e+00, -0.0000e+00,
         -6.5611e-05, -0.0000e+00, -0.0000e+00, -1.6257e-05, -0.0000e+00,
         -6.2060e-05, -6.5806e-06, -0.0000e+00, -0.0000e+00, -3.9413e-05,
         -0.0000e+00],
        [ 2.4867e-05,  0.0000e+00,  0.0000e+00,  1.2639e-05,  0.0000e+00,
          9.2735e-06,  6.0284e-06,  0.0000e+00,  0.0000e+00,  0.0000e+00,
          2.4984e-05,  0.0000e+00,  0.0000e+00,  6.1905e-06,  0.0000e+00,
          2.3631e-05,  2.5058e-06,  0.0000e+00,  0.0000e+00,  1.5008e-05,
          0.0000e+00],
        [-8.7851e-05, -0.0000e+00, -0.0000e+00, -4.4652e-05, -0.0000e+00,
         -3.2762e-05, -2.1298e-05, -0.0000e+00, -0.0000e+00, -0.0000e+00,
         -8.8264e-05, -0.0000e+00, -0.0000e+00, -2.1871e-05, -0.0000e+00,
         -8.3487e-05, -8.8526e-06, -0.0000e+00, -0.0000e+00, -5.3021e-05,
         -0.0000e+00],
        [ 0.0000e+00,  0.0000e+00,  0.0000e+00,  0.0000e+00,  0.0000e+00,
          0.0000e+00,  0.0000e+00,  0.0000e+00,  0.0000e+00,  0.0000e+00,
          0.0000e+00,  0.0000e+00,  0.0000e+00,  0.0000e+00,  0.0000e+00,
          0.0000e+00,  0.0000e+00,  0.0000e+00,  0.0000e+00,  0.0000e+00,
          0.0000e+00],
        [-9.6825e-05, -0.0000e+00, -0.0000e+00, -4.9213e-05, -0.0000e+00,
         -3.6109e-05, -2.3473e-05, -0.0000e+00, -0.0000e+00, -0.0000e+00,
         -9.7280e-05, -0.0000e+00, -0.0000e+00, -2.4104e-05, -0.0000e+00,
         -9.2015e-05, -9.7569e-06, -0.0000e+00, -0.0000e+00, -5.8437e-05,
         -0.0000e+00]])
Layer 5 auto_bias is
tensor([ 0.0000e+00,  1.0847e-03,  0.0000e+00,  0.0000e+00, -6.8938e-04,
         0.0000e+00,  0.0000e+00,  6.8886e-04,  0.0000e+00,  0.0000e+00,
         0.0000e+00, -4.0983e-05,  4.6517e-04, -1.4551e-03,  0.0000e+00,
        -7.2866e-04, -3.0545e-04,  1.1631e-04, -4.1091e-04,  0.0000e+00,
        -4.5289e-04])
Layer 6 auto_weight is
tensor([[ 0.0000e+00,  0.0000e+00,  0.0000e+00,  0.0000e+00,  0.0000e+00,
          0.0000e+00,  0.0000e+00,  0.0000e+00,  0.0000e+00,  0.0000e+00,
          0.0000e+00,  0.0000e+00,  0.0000e+00,  0.0000e+00,  0.0000e+00,
          0.0000e+00,  0.0000e+00,  0.0000e+00,  0.0000e+00,  0.0000e+00,
          0.0000e+00],
        [ 0.0000e+00,  0.0000e+00,  0.0000e+00,  0.0000e+00,  0.0000e+00,
          0.0000e+00,  0.0000e+00,  0.0000e+00,  0.0000e+00,  0.0000e+00,
          0.0000e+00,  0.0000e+00,  0.0000e+00,  0.0000e+00,  0.0000e+00,
          0.0000e+00,  0.0000e+00,  0.0000e+00,  0.0000e+00,  0.0000e+00,
          0.0000e+00],
        [ 0.0000e+00,  1.7767e-05,  0.0000e+00,  0.0000e+00,  5.7075e-06,
          0.0000e+00,  0.0000e+00,  7.1353e-06,  0.0000e+00,  0.0000e+00,
          0.0000e+00,  3.0932e-05,  4.1356e-05,  2.4766e-05,  0.0000e+00,
          2.5168e-05,  3.0713e-05,  1.2537e-05,  4.3563e-06,  0.0000e+00,
          3.1854e-06],
        [ 0.0000e+00,  4.0747e-05,  0.0000e+00,  0.0000e+00,  1.3090e-05,
          0.0000e+00,  0.0000e+00,  1.6364e-05,  0.0000e+00,  0.0000e+00,
          0.0000e+00,  7.0940e-05,  9.4847e-05,  5.6799e-05,  0.0000e+00,
          5.7721e-05,  7.0439e-05,  2.8753e-05,  9.9909e-06,  0.0000e+00,
          7.3057e-06],
        [ 0.0000e+00,  0.0000e+00,  0.0000e+00,  0.0000e+00,  0.0000e+00,
          0.0000e+00,  0.0000e+00,  0.0000e+00,  0.0000e+00,  0.0000e+00,
          0.0000e+00,  0.0000e+00,  0.0000e+00,  0.0000e+00,  0.0000e+00,
          0.0000e+00,  0.0000e+00,  0.0000e+00,  0.0000e+00,  0.0000e+00,
          0.0000e+00],
        [-0.0000e+00, -5.5287e-06, -0.0000e+00, -0.0000e+00, -1.7761e-06,
         -0.0000e+00, -0.0000e+00, -2.2204e-06, -0.0000e+00, -0.0000e+00,
         -0.0000e+00, -9.6255e-06, -1.2869e-05, -7.7067e-06, -0.0000e+00,
         -7.8317e-06, -9.5575e-06, -3.9014e-06, -1.3556e-06, -0.0000e+00,
         -9.9126e-07],
        [ 0.0000e+00,  0.0000e+00,  0.0000e+00,  0.0000e+00,  0.0000e+00,
          0.0000e+00,  0.0000e+00,  0.0000e+00,  0.0000e+00,  0.0000e+00,
          0.0000e+00,  0.0000e+00,  0.0000e+00,  0.0000e+00,  0.0000e+00,
          0.0000e+00,  0.0000e+00,  0.0000e+00,  0.0000e+00,  0.0000e+00,
          0.0000e+00],
        [ 0.0000e+00,  0.0000e+00,  0.0000e+00,  0.0000e+00,  0.0000e+00,
          0.0000e+00,  0.0000e+00,  0.0000e+00,  0.0000e+00,  0.0000e+00,
          0.0000e+00,  0.0000e+00,  0.0000e+00,  0.0000e+00,  0.0000e+00,
          0.0000e+00,  0.0000e+00,  0.0000e+00,  0.0000e+00,  0.0000e+00,
          0.0000e+00],
        [ 0.0000e+00,  0.0000e+00,  0.0000e+00,  0.0000e+00,  0.0000e+00,
          0.0000e+00,  0.0000e+00,  0.0000e+00,  0.0000e+00,  0.0000e+00,
          0.0000e+00,  0.0000e+00,  0.0000e+00,  0.0000e+00,  0.0000e+00,
          0.0000e+00,  0.0000e+00,  0.0000e+00,  0.0000e+00,  0.0000e+00,
          0.0000e+00],
        [ 0.0000e+00,  0.0000e+00,  0.0000e+00,  0.0000e+00,  0.0000e+00,
          0.0000e+00,  0.0000e+00,  0.0000e+00,  0.0000e+00,  0.0000e+00,
          0.0000e+00,  0.0000e+00,  0.0000e+00,  0.0000e+00,  0.0000e+00,
          0.0000e+00,  0.0000e+00,  0.0000e+00,  0.0000e+00,  0.0000e+00,
          0.0000e+00],
        [ 0.0000e+00,  2.4043e-04,  0.0000e+00,  0.0000e+00,  7.7236e-05,
          0.0000e+00,  0.0000e+00,  9.6558e-05,  0.0000e+00,  0.0000e+00,
          0.0000e+00,  4.1858e-04,  5.5964e-04,  3.3514e-04,  0.0000e+00,
          3.4058e-04,  4.1562e-04,  1.6966e-04,  5.8951e-05,  0.0000e+00,
          4.3107e-05],
        [ 0.0000e+00,  3.3351e-04,  0.0000e+00,  0.0000e+00,  1.0714e-04,
          0.0000e+00,  0.0000e+00,  1.3394e-04,  0.0000e+00,  0.0000e+00,
          0.0000e+00,  5.8063e-04,  7.7630e-04,  4.6489e-04,  0.0000e+00,
          4.7243e-04,  5.7653e-04,  2.3534e-04,  8.1773e-05,  0.0000e+00,
          5.9795e-05],
        [ 0.0000e+00,  0.0000e+00,  0.0000e+00,  0.0000e+00,  0.0000e+00,
          0.0000e+00,  0.0000e+00,  0.0000e+00,  0.0000e+00,  0.0000e+00,
          0.0000e+00,  0.0000e+00,  0.0000e+00,  0.0000e+00,  0.0000e+00,
          0.0000e+00,  0.0000e+00,  0.0000e+00,  0.0000e+00,  0.0000e+00,
          0.0000e+00],
        [ 0.0000e+00,  0.0000e+00,  0.0000e+00,  0.0000e+00,  0.0000e+00,
          0.0000e+00,  0.0000e+00,  0.0000e+00,  0.0000e+00,  0.0000e+00,
          0.0000e+00,  0.0000e+00,  0.0000e+00,  0.0000e+00,  0.0000e+00,
          0.0000e+00,  0.0000e+00,  0.0000e+00,  0.0000e+00,  0.0000e+00,
          0.0000e+00],
        [ 0.0000e+00,  1.4127e-04,  0.0000e+00,  0.0000e+00,  4.5381e-05,
          0.0000e+00,  0.0000e+00,  5.6734e-05,  0.0000e+00,  0.0000e+00,
          0.0000e+00,  2.4595e-04,  3.2883e-04,  1.9692e-04,  0.0000e+00,
          2.0011e-04,  2.4421e-04,  9.9686e-05,  3.4638e-05,  0.0000e+00,
          2.5328e-05],
        [-0.0000e+00, -3.9890e-04, -0.0000e+00, -0.0000e+00, -1.2814e-04,
         -0.0000e+00, -0.0000e+00, -1.6020e-04, -0.0000e+00, -0.0000e+00,
         -0.0000e+00, -6.9448e-04, -9.2851e-04, -5.5604e-04, -0.0000e+00,
         -5.6506e-04, -6.8957e-04, -2.8148e-04, -9.7806e-05, -0.0000e+00,
         -7.1519e-05],
        [ 0.0000e+00,  0.0000e+00,  0.0000e+00,  0.0000e+00,  0.0000e+00,
          0.0000e+00,  0.0000e+00,  0.0000e+00,  0.0000e+00,  0.0000e+00,
          0.0000e+00,  0.0000e+00,  0.0000e+00,  0.0000e+00,  0.0000e+00,
          0.0000e+00,  0.0000e+00,  0.0000e+00,  0.0000e+00,  0.0000e+00,
          0.0000e+00],
        [ 0.0000e+00,  0.0000e+00,  0.0000e+00,  0.0000e+00,  0.0000e+00,
          0.0000e+00,  0.0000e+00,  0.0000e+00,  0.0000e+00,  0.0000e+00,
          0.0000e+00,  0.0000e+00,  0.0000e+00,  0.0000e+00,  0.0000e+00,
          0.0000e+00,  0.0000e+00,  0.0000e+00,  0.0000e+00,  0.0000e+00,
          0.0000e+00],
        [ 0.0000e+00,  1.7765e-04,  0.0000e+00,  0.0000e+00,  5.7069e-05,
          0.0000e+00,  0.0000e+00,  7.1345e-05,  0.0000e+00,  0.0000e+00,
          0.0000e+00,  3.0928e-04,  4.1351e-04,  2.4763e-04,  0.0000e+00,
          2.5165e-04,  3.0710e-04,  1.2536e-04,  4.3558e-05,  0.0000e+00,
          3.1851e-05],
        [ 0.0000e+00,  0.0000e+00,  0.0000e+00,  0.0000e+00,  0.0000e+00,
          0.0000e+00,  0.0000e+00,  0.0000e+00,  0.0000e+00,  0.0000e+00,
          0.0000e+00,  0.0000e+00,  0.0000e+00,  0.0000e+00,  0.0000e+00,
          0.0000e+00,  0.0000e+00,  0.0000e+00,  0.0000e+00,  0.0000e+00,
          0.0000e+00],
        [ 0.0000e+00,  0.0000e+00,  0.0000e+00,  0.0000e+00,  0.0000e+00,
          0.0000e+00,  0.0000e+00,  0.0000e+00,  0.0000e+00,  0.0000e+00,
          0.0000e+00,  0.0000e+00,  0.0000e+00,  0.0000e+00,  0.0000e+00,
          0.0000e+00,  0.0000e+00,  0.0000e+00,  0.0000e+00,  0.0000e+00,
          0.0000e+00]])
Layer 6 auto_bias is
tensor([ 0.0000e+00,  0.0000e+00,  1.6849e-04,  3.8643e-04,  0.0000e+00,
        -5.2432e-05,  0.0000e+00,  0.0000e+00,  0.0000e+00,  0.0000e+00,
         2.2801e-03,  3.1628e-03,  0.0000e+00,  0.0000e+00,  1.3397e-03,
        -3.7830e-03,  0.0000e+00,  0.0000e+00,  1.6847e-03,  0.0000e+00,
         0.0000e+00])
Layer 7 auto_weight is
tensor([[ 0.0000e+00,  0.0000e+00,  1.0599e-03,  3.3638e-04,  0.0000e+00,
          4.6187e-04,  0.0000e+00,  0.0000e+00,  0.0000e+00,  0.0000e+00,
          9.1031e-04,  7.4756e-04,  0.0000e+00,  0.0000e+00,  5.3835e-04,
          8.9755e-04,  0.0000e+00,  0.0000e+00,  1.3023e-04,  0.0000e+00,
          0.0000e+00],
        [ 0.0000e+00,  0.0000e+00,  0.0000e+00,  0.0000e+00,  0.0000e+00,
          0.0000e+00,  0.0000e+00,  0.0000e+00,  0.0000e+00,  0.0000e+00,
          0.0000e+00,  0.0000e+00,  0.0000e+00,  0.0000e+00,  0.0000e+00,
          0.0000e+00,  0.0000e+00,  0.0000e+00,  0.0000e+00,  0.0000e+00,
          0.0000e+00],
        [-0.0000e+00, -0.0000e+00, -6.9896e-04, -2.2182e-04, -0.0000e+00,
         -3.0457e-04, -0.0000e+00, -0.0000e+00, -0.0000e+00, -0.0000e+00,
         -6.0028e-04, -4.9296e-04, -0.0000e+00, -0.0000e+00, -3.5500e-04,
         -5.9187e-04, -0.0000e+00, -0.0000e+00, -8.5875e-05, -0.0000e+00,
         -0.0000e+00],
        [ 0.0000e+00,  0.0000e+00,  8.6051e-05,  2.7309e-05,  0.0000e+00,
          3.7497e-05,  0.0000e+00,  0.0000e+00,  0.0000e+00,  0.0000e+00,
          7.3903e-05,  6.0690e-05,  0.0000e+00,  0.0000e+00,  4.3706e-05,
          7.2867e-05,  0.0000e+00,  0.0000e+00,  1.0572e-05,  0.0000e+00,
          0.0000e+00],
        [ 0.0000e+00,  0.0000e+00,  0.0000e+00,  0.0000e+00,  0.0000e+00,
          0.0000e+00,  0.0000e+00,  0.0000e+00,  0.0000e+00,  0.0000e+00,
          0.0000e+00,  0.0000e+00,  0.0000e+00,  0.0000e+00,  0.0000e+00,
          0.0000e+00,  0.0000e+00,  0.0000e+00,  0.0000e+00,  0.0000e+00,
          0.0000e+00],
        [ 0.0000e+00,  0.0000e+00,  0.0000e+00,  0.0000e+00,  0.0000e+00,
          0.0000e+00,  0.0000e+00,  0.0000e+00,  0.0000e+00,  0.0000e+00,
          0.0000e+00,  0.0000e+00,  0.0000e+00,  0.0000e+00,  0.0000e+00,
          0.0000e+00,  0.0000e+00,  0.0000e+00,  0.0000e+00,  0.0000e+00,
          0.0000e+00],
        [ 0.0000e+00,  0.0000e+00,  0.0000e+00,  0.0000e+00,  0.0000e+00,
          0.0000e+00,  0.0000e+00,  0.0000e+00,  0.0000e+00,  0.0000e+00,
          0.0000e+00,  0.0000e+00,  0.0000e+00,  0.0000e+00,  0.0000e+00,
          0.0000e+00,  0.0000e+00,  0.0000e+00,  0.0000e+00,  0.0000e+00,
          0.0000e+00],
        [-0.0000e+00, -0.0000e+00, -1.2325e-04, -3.9113e-05, -0.0000e+00,
         -5.3705e-05, -0.0000e+00, -0.0000e+00, -0.0000e+00, -0.0000e+00,
         -1.0585e-04, -8.6924e-05, -0.0000e+00, -0.0000e+00, -6.2598e-05,
         -1.0436e-04, -0.0000e+00, -0.0000e+00, -1.5142e-05, -0.0000e+00,
         -0.0000e+00],
        [ 0.0000e+00,  0.0000e+00,  9.8851e-05,  3.1371e-05,  0.0000e+00,
          4.3074e-05,  0.0000e+00,  0.0000e+00,  0.0000e+00,  0.0000e+00,
          8.4896e-05,  6.9718e-05,  0.0000e+00,  0.0000e+00,  5.0207e-05,
          8.3706e-05,  0.0000e+00,  0.0000e+00,  1.2145e-05,  0.0000e+00,
          0.0000e+00],
        [-0.0000e+00, -0.0000e+00, -1.7767e-04, -5.6384e-05, -0.0000e+00,
         -7.7418e-05, -0.0000e+00, -0.0000e+00, -0.0000e+00, -0.0000e+00,
         -1.5258e-04, -1.2530e-04, -0.0000e+00, -0.0000e+00, -9.0237e-05,
         -1.5045e-04, -0.0000e+00, -0.0000e+00, -2.1828e-05, -0.0000e+00,
         -0.0000e+00],
        [-0.0000e+00, -0.0000e+00, -1.6925e-04, -5.3714e-05, -0.0000e+00,
         -7.3751e-05, -0.0000e+00, -0.0000e+00, -0.0000e+00, -0.0000e+00,
         -1.4536e-04, -1.1937e-04, -0.0000e+00, -0.0000e+00, -8.5964e-05,
         -1.4332e-04, -0.0000e+00, -0.0000e+00, -2.0795e-05, -0.0000e+00,
         -0.0000e+00],
        [ 0.0000e+00,  0.0000e+00,  1.5715e-04,  4.9872e-05,  0.0000e+00,
          6.8477e-05,  0.0000e+00,  0.0000e+00,  0.0000e+00,  0.0000e+00,
          1.3496e-04,  1.1083e-04,  0.0000e+00,  0.0000e+00,  7.9816e-05,
          1.3307e-04,  0.0000e+00,  0.0000e+00,  1.9307e-05,  0.0000e+00,
          0.0000e+00],
        [ 0.0000e+00,  0.0000e+00,  6.8071e-04,  2.1603e-04,  0.0000e+00,
          2.9662e-04,  0.0000e+00,  0.0000e+00,  0.0000e+00,  0.0000e+00,
          5.8461e-04,  4.8010e-04,  0.0000e+00,  0.0000e+00,  3.4574e-04,
          5.7642e-04,  0.0000e+00,  0.0000e+00,  8.3634e-05,  0.0000e+00,
          0.0000e+00],
        [ 0.0000e+00,  0.0000e+00,  0.0000e+00,  0.0000e+00,  0.0000e+00,
          0.0000e+00,  0.0000e+00,  0.0000e+00,  0.0000e+00,  0.0000e+00,
          0.0000e+00,  0.0000e+00,  0.0000e+00,  0.0000e+00,  0.0000e+00,
          0.0000e+00,  0.0000e+00,  0.0000e+00,  0.0000e+00,  0.0000e+00,
          0.0000e+00],
        [ 0.0000e+00,  0.0000e+00,  7.3786e-04,  2.3417e-04,  0.0000e+00,
          3.2152e-04,  0.0000e+00,  0.0000e+00,  0.0000e+00,  0.0000e+00,
          6.3369e-04,  5.2040e-04,  0.0000e+00,  0.0000e+00,  3.7476e-04,
          6.2481e-04,  0.0000e+00,  0.0000e+00,  9.0655e-05,  0.0000e+00,
          0.0000e+00],
        [-0.0000e+00, -0.0000e+00, -2.7508e-04, -8.7300e-05, -0.0000e+00,
         -1.1987e-04, -0.0000e+00, -0.0000e+00, -0.0000e+00, -0.0000e+00,
         -2.3625e-04, -1.9401e-04, -0.0000e+00, -0.0000e+00, -1.3972e-04,
         -2.3294e-04, -0.0000e+00, -0.0000e+00, -3.3797e-05, -0.0000e+00,
         -0.0000e+00],
        [-0.0000e+00, -0.0000e+00, -9.7313e-05, -3.0883e-05, -0.0000e+00,
         -4.2404e-05, -0.0000e+00, -0.0000e+00, -0.0000e+00, -0.0000e+00,
         -8.3575e-05, -6.8633e-05, -0.0000e+00, -0.0000e+00, -4.9426e-05,
         -8.2404e-05, -0.0000e+00, -0.0000e+00, -1.1956e-05, -0.0000e+00,
         -0.0000e+00],
        [ 0.0000e+00,  0.0000e+00,  4.7203e-04,  1.4980e-04,  0.0000e+00,
          2.0569e-04,  0.0000e+00,  0.0000e+00,  0.0000e+00,  0.0000e+00,
          4.0539e-04,  3.3292e-04,  0.0000e+00,  0.0000e+00,  2.3975e-04,
          3.9971e-04,  0.0000e+00,  0.0000e+00,  5.7995e-05,  0.0000e+00,
          0.0000e+00],
        [ 0.0000e+00,  0.0000e+00,  0.0000e+00,  0.0000e+00,  0.0000e+00,
          0.0000e+00,  0.0000e+00,  0.0000e+00,  0.0000e+00,  0.0000e+00,
          0.0000e+00,  0.0000e+00,  0.0000e+00,  0.0000e+00,  0.0000e+00,
          0.0000e+00,  0.0000e+00,  0.0000e+00,  0.0000e+00,  0.0000e+00,
          0.0000e+00],
        [ 0.0000e+00,  0.0000e+00,  2.7465e-04,  8.7163e-05,  0.0000e+00,
          1.1968e-04,  0.0000e+00,  0.0000e+00,  0.0000e+00,  0.0000e+00,
          2.3588e-04,  1.9371e-04,  0.0000e+00,  0.0000e+00,  1.3950e-04,
          2.3257e-04,  0.0000e+00,  0.0000e+00,  3.3744e-05,  0.0000e+00,
          0.0000e+00],
        [ 0.0000e+00,  0.0000e+00,  3.5858e-04,  1.1380e-04,  0.0000e+00,
          1.5625e-04,  0.0000e+00,  0.0000e+00,  0.0000e+00,  0.0000e+00,
          3.0796e-04,  2.5290e-04,  0.0000e+00,  0.0000e+00,  1.8213e-04,
          3.0365e-04,  0.0000e+00,  0.0000e+00,  4.4056e-05,  0.0000e+00,
          0.0000e+00]])
Layer 7 auto_bias is
tensor([ 0.0063,  0.0000, -0.0041,  0.0005,  0.0000,  0.0000,  0.0000, -0.0007,
         0.0006, -0.0011, -0.0010,  0.0009,  0.0040,  0.0000,  0.0044, -0.0016,
        -0.0006,  0.0028,  0.0000,  0.0016,  0.0021])
Layer 8 auto_weight is
tensor([[ 0.0000e+00,  0.0000e+00,  0.0000e+00,  0.0000e+00,  0.0000e+00,
          0.0000e+00,  0.0000e+00,  0.0000e+00,  0.0000e+00,  0.0000e+00,
          0.0000e+00,  0.0000e+00,  0.0000e+00,  0.0000e+00,  0.0000e+00,
          0.0000e+00,  0.0000e+00,  0.0000e+00,  0.0000e+00,  0.0000e+00,
          0.0000e+00],
        [ 0.0000e+00,  0.0000e+00,  0.0000e+00,  0.0000e+00,  0.0000e+00,
          0.0000e+00,  0.0000e+00,  0.0000e+00,  0.0000e+00,  0.0000e+00,
          0.0000e+00,  0.0000e+00,  0.0000e+00,  0.0000e+00,  0.0000e+00,
          0.0000e+00,  0.0000e+00,  0.0000e+00,  0.0000e+00,  0.0000e+00,
          0.0000e+00],
        [ 5.2836e-04,  0.0000e+00,  7.4285e-04,  5.2117e-04,  0.0000e+00,
          0.0000e+00,  0.0000e+00,  2.8953e-04,  3.0744e-04,  8.5104e-04,
          7.4152e-04,  8.9642e-04,  8.0694e-04,  0.0000e+00,  5.4430e-04,
          1.6876e-04,  2.2913e-04,  8.1211e-04,  0.0000e+00,  6.7610e-05,
          1.0413e-04],
        [ 7.5186e-04,  0.0000e+00,  1.0571e-03,  7.4163e-04,  0.0000e+00,
          0.0000e+00,  0.0000e+00,  4.1201e-04,  4.3749e-04,  1.2110e-03,
          1.0552e-03,  1.2756e-03,  1.1483e-03,  0.0000e+00,  7.7455e-04,
          2.4015e-04,  3.2605e-04,  1.1556e-03,  0.0000e+00,  9.6210e-05,
          1.4818e-04],
        [-2.3673e-03, -0.0000e+00, -3.3283e-03, -2.3351e-03, -0.0000e+00,
         -0.0000e+00, -0.0000e+00, -1.2972e-03, -1.3775e-03, -3.8130e-03,
         -3.3223e-03, -4.0164e-03, -3.6154e-03, -0.0000e+00, -2.4387e-03,
         -7.5614e-04, -1.0266e-03, -3.6386e-03, -0.0000e+00, -3.0292e-04,
         -4.6654e-04],
        [-1.2335e-04, -0.0000e+00, -1.7342e-04, -1.2167e-04, -0.0000e+00,
         -0.0000e+00, -0.0000e+00, -6.7594e-05, -7.1774e-05, -1.9868e-04,
         -1.7311e-04, -2.0927e-04, -1.8839e-04, -0.0000e+00, -1.2707e-04,
         -3.9399e-05, -5.3491e-05, -1.8959e-04, -0.0000e+00, -1.5784e-05,
         -2.4309e-05],
        [-1.8715e-06, -0.0000e+00, -2.6312e-06, -1.8460e-06, -0.0000e+00,
         -0.0000e+00, -0.0000e+00, -1.0255e-06, -1.0890e-06, -3.0144e-06,
         -2.6265e-06, -3.1751e-06, -2.8582e-06, -0.0000e+00, -1.9279e-06,
         -5.9776e-07, -8.1157e-07, -2.8765e-06, -0.0000e+00, -2.3948e-07,
         -3.6882e-07],
        [ 0.0000e+00,  0.0000e+00,  0.0000e+00,  0.0000e+00,  0.0000e+00,
          0.0000e+00,  0.0000e+00,  0.0000e+00,  0.0000e+00,  0.0000e+00,
          0.0000e+00,  0.0000e+00,  0.0000e+00,  0.0000e+00,  0.0000e+00,
          0.0000e+00,  0.0000e+00,  0.0000e+00,  0.0000e+00,  0.0000e+00,
          0.0000e+00],
        [ 0.0000e+00,  0.0000e+00,  0.0000e+00,  0.0000e+00,  0.0000e+00,
          0.0000e+00,  0.0000e+00,  0.0000e+00,  0.0000e+00,  0.0000e+00,
          0.0000e+00,  0.0000e+00,  0.0000e+00,  0.0000e+00,  0.0000e+00,
          0.0000e+00,  0.0000e+00,  0.0000e+00,  0.0000e+00,  0.0000e+00,
          0.0000e+00],
        [-3.6060e-05, -0.0000e+00, -5.0698e-05, -3.5569e-05, -0.0000e+00,
         -0.0000e+00, -0.0000e+00, -1.9760e-05, -2.0982e-05, -5.8082e-05,
         -5.0607e-05, -6.1179e-05, -5.5072e-05, -0.0000e+00, -3.7148e-05,
         -1.1518e-05, -1.5638e-05, -5.5425e-05, -0.0000e+00, -4.6143e-06,
         -7.1065e-06],
        [ 0.0000e+00,  0.0000e+00,  0.0000e+00,  0.0000e+00,  0.0000e+00,
          0.0000e+00,  0.0000e+00,  0.0000e+00,  0.0000e+00,  0.0000e+00,
          0.0000e+00,  0.0000e+00,  0.0000e+00,  0.0000e+00,  0.0000e+00,
          0.0000e+00,  0.0000e+00,  0.0000e+00,  0.0000e+00,  0.0000e+00,
          0.0000e+00],
        [ 0.0000e+00,  0.0000e+00,  0.0000e+00,  0.0000e+00,  0.0000e+00,
          0.0000e+00,  0.0000e+00,  0.0000e+00,  0.0000e+00,  0.0000e+00,
          0.0000e+00,  0.0000e+00,  0.0000e+00,  0.0000e+00,  0.0000e+00,
          0.0000e+00,  0.0000e+00,  0.0000e+00,  0.0000e+00,  0.0000e+00,
          0.0000e+00],
        [ 0.0000e+00,  0.0000e+00,  0.0000e+00,  0.0000e+00,  0.0000e+00,
          0.0000e+00,  0.0000e+00,  0.0000e+00,  0.0000e+00,  0.0000e+00,
          0.0000e+00,  0.0000e+00,  0.0000e+00,  0.0000e+00,  0.0000e+00,
          0.0000e+00,  0.0000e+00,  0.0000e+00,  0.0000e+00,  0.0000e+00,
          0.0000e+00],
        [-4.2729e-05, -0.0000e+00, -6.0076e-05, -4.2147e-05, -0.0000e+00,
         -0.0000e+00, -0.0000e+00, -2.3415e-05, -2.4863e-05, -6.8824e-05,
         -5.9968e-05, -7.2494e-05, -6.5258e-05, -0.0000e+00, -4.4018e-05,
         -1.3648e-05, -1.8530e-05, -6.5677e-05, -0.0000e+00, -5.4677e-06,
         -8.4210e-06],
        [ 5.5655e-04,  0.0000e+00,  7.8249e-04,  5.4897e-04,  0.0000e+00,
          0.0000e+00,  0.0000e+00,  3.0498e-04,  3.2384e-04,  8.9645e-04,
          7.8108e-04,  9.4425e-04,  8.5000e-04,  0.0000e+00,  5.7335e-04,
          1.7777e-04,  2.4135e-04,  8.5545e-04,  0.0000e+00,  7.1218e-05,
          1.0968e-04],
        [-4.7954e-04, -0.0000e+00, -6.7422e-04, -4.7301e-04, -0.0000e+00,
         -0.0000e+00, -0.0000e+00, -2.6278e-04, -2.7904e-04, -7.7241e-04,
         -6.7301e-04, -8.1360e-04, -7.3238e-04, -0.0000e+00, -4.9401e-04,
         -1.5317e-04, -2.0796e-04, -7.3708e-04, -0.0000e+00, -6.1364e-05,
         -9.4507e-05],
        [ 0.0000e+00,  0.0000e+00,  0.0000e+00,  0.0000e+00,  0.0000e+00,
          0.0000e+00,  0.0000e+00,  0.0000e+00,  0.0000e+00,  0.0000e+00,
          0.0000e+00,  0.0000e+00,  0.0000e+00,  0.0000e+00,  0.0000e+00,
          0.0000e+00,  0.0000e+00,  0.0000e+00,  0.0000e+00,  0.0000e+00,
          0.0000e+00],
        [ 5.3899e-05,  0.0000e+00,  7.5780e-05,  5.3165e-05,  0.0000e+00,
          0.0000e+00,  0.0000e+00,  2.9536e-05,  3.1363e-05,  8.6816e-05,
          7.5644e-05,  9.1445e-05,  8.2317e-05,  0.0000e+00,  5.5525e-05,
          1.7216e-05,  2.3374e-05,  8.2845e-05,  0.0000e+00,  6.8970e-06,
          1.0622e-05],
        [ 0.0000e+00,  0.0000e+00,  0.0000e+00,  0.0000e+00,  0.0000e+00,
          0.0000e+00,  0.0000e+00,  0.0000e+00,  0.0000e+00,  0.0000e+00,
          0.0000e+00,  0.0000e+00,  0.0000e+00,  0.0000e+00,  0.0000e+00,
          0.0000e+00,  0.0000e+00,  0.0000e+00,  0.0000e+00,  0.0000e+00,
          0.0000e+00],
        [ 0.0000e+00,  0.0000e+00,  0.0000e+00,  0.0000e+00,  0.0000e+00,
          0.0000e+00,  0.0000e+00,  0.0000e+00,  0.0000e+00,  0.0000e+00,
          0.0000e+00,  0.0000e+00,  0.0000e+00,  0.0000e+00,  0.0000e+00,
          0.0000e+00,  0.0000e+00,  0.0000e+00,  0.0000e+00,  0.0000e+00,
          0.0000e+00],
        [ 1.6762e-03,  0.0000e+00,  2.3566e-03,  1.6533e-03,  0.0000e+00,
          0.0000e+00,  0.0000e+00,  9.1852e-04,  9.7532e-04,  2.6998e-03,
          2.3524e-03,  2.8438e-03,  2.5599e-03,  0.0000e+00,  1.7267e-03,
          5.3539e-04,  7.2689e-04,  2.5763e-03,  0.0000e+00,  2.1449e-04,
          3.3034e-04]])
Layer 8 auto_bias is
tensor([ 0.0000e+00,  0.0000e+00,  4.0753e-03,  5.7992e-03, -1.8259e-02,
        -9.5140e-04, -1.4435e-05,  0.0000e+00,  0.0000e+00, -2.7813e-04,
         0.0000e+00,  0.0000e+00,  0.0000e+00, -3.2957e-04,  4.2927e-03,
        -3.6987e-03,  0.0000e+00,  4.1573e-04,  0.0000e+00,  0.0000e+00,
         1.2928e-02])
Layer 9 auto_weight is
tensor([[-0.0000e+00, -0.0000e+00, -1.4630e-04, -7.0419e-05, -8.4008e-05,
         -4.2352e-04, -9.7249e-05, -0.0000e+00, -0.0000e+00, -2.4872e-04,
         -0.0000e+00, -0.0000e+00, -0.0000e+00, -4.5066e-04, -4.9200e-05,
         -1.1055e-03, -0.0000e+00, -1.3697e-04, -0.0000e+00, -0.0000e+00,
         -1.0144e-03],
        [-0.0000e+00, -0.0000e+00, -4.5392e-04, -2.1848e-04, -2.6064e-04,
         -1.3140e-03, -3.0172e-04, -0.0000e+00, -0.0000e+00, -7.7167e-04,
         -0.0000e+00, -0.0000e+00, -0.0000e+00, -1.3982e-03, -1.5265e-04,
         -3.4298e-03, -0.0000e+00, -4.2495e-04, -0.0000e+00, -0.0000e+00,
         -3.1472e-03],
        [ 0.0000e+00,  0.0000e+00,  0.0000e+00,  0.0000e+00,  0.0000e+00,
          0.0000e+00,  0.0000e+00,  0.0000e+00,  0.0000e+00,  0.0000e+00,
          0.0000e+00,  0.0000e+00,  0.0000e+00,  0.0000e+00,  0.0000e+00,
          0.0000e+00,  0.0000e+00,  0.0000e+00,  0.0000e+00,  0.0000e+00,
          0.0000e+00],
        [-0.0000e+00, -0.0000e+00, -1.8052e-03, -8.6885e-04, -1.0365e-03,
         -5.2256e-03, -1.1999e-03, -0.0000e+00, -0.0000e+00, -3.0688e-03,
         -0.0000e+00, -0.0000e+00, -0.0000e+00, -5.5604e-03, -6.0705e-04,
         -1.3640e-02, -0.0000e+00, -1.6900e-03, -0.0000e+00, -0.0000e+00,
         -1.2516e-02],
        [ 0.0000e+00,  0.0000e+00,  0.0000e+00,  0.0000e+00,  0.0000e+00,
          0.0000e+00,  0.0000e+00,  0.0000e+00,  0.0000e+00,  0.0000e+00,
          0.0000e+00,  0.0000e+00,  0.0000e+00,  0.0000e+00,  0.0000e+00,
          0.0000e+00,  0.0000e+00,  0.0000e+00,  0.0000e+00,  0.0000e+00,
          0.0000e+00],
        [-0.0000e+00, -0.0000e+00, -2.0627e-03, -9.9283e-04, -1.1844e-03,
         -5.9712e-03, -1.3711e-03, -0.0000e+00, -0.0000e+00, -3.5067e-03,
         -0.0000e+00, -0.0000e+00, -0.0000e+00, -6.3539e-03, -6.9368e-04,
         -1.5586e-02, -0.0000e+00, -1.9311e-03, -0.0000e+00, -0.0000e+00,
         -1.4302e-02],
        [ 0.0000e+00,  0.0000e+00,  0.0000e+00,  0.0000e+00,  0.0000e+00,
          0.0000e+00,  0.0000e+00,  0.0000e+00,  0.0000e+00,  0.0000e+00,
          0.0000e+00,  0.0000e+00,  0.0000e+00,  0.0000e+00,  0.0000e+00,
          0.0000e+00,  0.0000e+00,  0.0000e+00,  0.0000e+00,  0.0000e+00,
          0.0000e+00],
        [-0.0000e+00, -0.0000e+00, -1.4199e-03, -6.8341e-04, -8.1530e-04,
         -4.1103e-03, -9.4380e-04, -0.0000e+00, -0.0000e+00, -2.4138e-03,
         -0.0000e+00, -0.0000e+00, -0.0000e+00, -4.3737e-03, -4.7749e-04,
         -1.0729e-02, -0.0000e+00, -1.3293e-03, -0.0000e+00, -0.0000e+00,
         -9.8446e-03],
        [ 0.0000e+00,  0.0000e+00,  0.0000e+00,  0.0000e+00,  0.0000e+00,
          0.0000e+00,  0.0000e+00,  0.0000e+00,  0.0000e+00,  0.0000e+00,
          0.0000e+00,  0.0000e+00,  0.0000e+00,  0.0000e+00,  0.0000e+00,
          0.0000e+00,  0.0000e+00,  0.0000e+00,  0.0000e+00,  0.0000e+00,
          0.0000e+00],
        [ 0.0000e+00,  0.0000e+00,  0.0000e+00,  0.0000e+00,  0.0000e+00,
          0.0000e+00,  0.0000e+00,  0.0000e+00,  0.0000e+00,  0.0000e+00,
          0.0000e+00,  0.0000e+00,  0.0000e+00,  0.0000e+00,  0.0000e+00,
          0.0000e+00,  0.0000e+00,  0.0000e+00,  0.0000e+00,  0.0000e+00,
          0.0000e+00],
        [ 0.0000e+00,  0.0000e+00,  0.0000e+00,  0.0000e+00,  0.0000e+00,
          0.0000e+00,  0.0000e+00,  0.0000e+00,  0.0000e+00,  0.0000e+00,
          0.0000e+00,  0.0000e+00,  0.0000e+00,  0.0000e+00,  0.0000e+00,
          0.0000e+00,  0.0000e+00,  0.0000e+00,  0.0000e+00,  0.0000e+00,
          0.0000e+00],
        [ 0.0000e+00,  0.0000e+00,  0.0000e+00,  0.0000e+00,  0.0000e+00,
          0.0000e+00,  0.0000e+00,  0.0000e+00,  0.0000e+00,  0.0000e+00,
          0.0000e+00,  0.0000e+00,  0.0000e+00,  0.0000e+00,  0.0000e+00,
          0.0000e+00,  0.0000e+00,  0.0000e+00,  0.0000e+00,  0.0000e+00,
          0.0000e+00],
        [ 0.0000e+00,  0.0000e+00,  2.5057e-04,  1.2060e-04,  1.4388e-04,
          7.2536e-04,  1.6656e-04,  0.0000e+00,  0.0000e+00,  4.2598e-04,
          0.0000e+00,  0.0000e+00,  0.0000e+00,  7.7184e-04,  8.4265e-05,
          1.8934e-03,  0.0000e+00,  2.3458e-04,  0.0000e+00,  0.0000e+00,
          1.7373e-03],
        [ 0.0000e+00,  0.0000e+00,  0.0000e+00,  0.0000e+00,  0.0000e+00,
          0.0000e+00,  0.0000e+00,  0.0000e+00,  0.0000e+00,  0.0000e+00,
          0.0000e+00,  0.0000e+00,  0.0000e+00,  0.0000e+00,  0.0000e+00,
          0.0000e+00,  0.0000e+00,  0.0000e+00,  0.0000e+00,  0.0000e+00,
          0.0000e+00],
        [ 0.0000e+00,  0.0000e+00,  1.6068e-03,  7.7339e-04,  9.2264e-04,
          4.6514e-03,  1.0681e-03,  0.0000e+00,  0.0000e+00,  2.7316e-03,
          0.0000e+00,  0.0000e+00,  0.0000e+00,  4.9495e-03,  5.4036e-04,
          1.2141e-02,  0.0000e+00,  1.5043e-03,  0.0000e+00,  0.0000e+00,
          1.1141e-02],
        [ 0.0000e+00,  0.0000e+00,  9.0119e-04,  4.3376e-04,  5.1747e-04,
          2.6088e-03,  5.9903e-04,  0.0000e+00,  0.0000e+00,  1.5320e-03,
          0.0000e+00,  0.0000e+00,  0.0000e+00,  2.7760e-03,  3.0306e-04,
          6.8095e-03,  0.0000e+00,  8.4368e-04,  0.0000e+00,  0.0000e+00,
          6.2483e-03],
        [-0.0000e+00, -0.0000e+00, -8.9006e-04, -4.2840e-04, -5.1107e-04,
         -2.5765e-03, -5.9163e-04, -0.0000e+00, -0.0000e+00, -1.5131e-03,
         -0.0000e+00, -0.0000e+00, -0.0000e+00, -2.7417e-03, -2.9932e-04,
         -6.7254e-03, -0.0000e+00, -8.3326e-04, -0.0000e+00, -0.0000e+00,
         -6.1711e-03],
        [ 0.0000e+00,  0.0000e+00,  0.0000e+00,  0.0000e+00,  0.0000e+00,
          0.0000e+00,  0.0000e+00,  0.0000e+00,  0.0000e+00,  0.0000e+00,
          0.0000e+00,  0.0000e+00,  0.0000e+00,  0.0000e+00,  0.0000e+00,
          0.0000e+00,  0.0000e+00,  0.0000e+00,  0.0000e+00,  0.0000e+00,
          0.0000e+00],
        [-0.0000e+00, -0.0000e+00, -3.8856e-04, -1.8702e-04, -2.2311e-04,
         -1.1248e-03, -2.5828e-04, -0.0000e+00, -0.0000e+00, -6.6056e-04,
         -0.0000e+00, -0.0000e+00, -0.0000e+00, -1.1969e-03, -1.3067e-04,
         -2.9360e-03, -0.0000e+00, -3.6376e-04, -0.0000e+00, -0.0000e+00,
         -2.6940e-03],
        [ 0.0000e+00,  0.0000e+00,  3.2307e-04,  1.5550e-04,  1.8551e-04,
          9.3523e-04,  2.1475e-04,  0.0000e+00,  0.0000e+00,  5.4923e-04,
          0.0000e+00,  0.0000e+00,  0.0000e+00,  9.9517e-04,  1.0865e-04,
          2.4412e-03,  0.0000e+00,  3.0246e-04,  0.0000e+00,  0.0000e+00,
          2.2400e-03],
        [ 0.0000e+00,  0.0000e+00,  0.0000e+00,  0.0000e+00,  0.0000e+00,
          0.0000e+00,  0.0000e+00,  0.0000e+00,  0.0000e+00,  0.0000e+00,
          0.0000e+00,  0.0000e+00,  0.0000e+00,  0.0000e+00,  0.0000e+00,
          0.0000e+00,  0.0000e+00,  0.0000e+00,  0.0000e+00,  0.0000e+00,
          0.0000e+00]])
Layer 9 auto_bias is
tensor([-0.0036, -0.0112,  0.0000, -0.0445,  0.0000, -0.0509,  0.0000, -0.0350,
         0.0000,  0.0000,  0.0000,  0.0000,  0.0062,  0.0000,  0.0396,  0.0222,
        -0.0220,  0.0000, -0.0096,  0.0080,  0.0000])
Layer 10 auto_weight is
tensor([[ 0.0000,  0.0000,  0.0000,  0.0000,  0.0000,  0.0000,  0.0000,  0.0000,
          0.0000,  0.0000,  0.0000,  0.0000,  0.0000,  0.0000,  0.0000,  0.0000,
          0.0000,  0.0000,  0.0000,  0.0000,  0.0000],
        [ 0.0000,  0.0000,  0.0000,  0.0000,  0.0000,  0.0000,  0.0000,  0.0000,
          0.0000,  0.0000,  0.0000,  0.0000,  0.0000,  0.0000,  0.0000,  0.0000,
          0.0000,  0.0000,  0.0000,  0.0000,  0.0000],
        [ 0.0000,  0.0000,  0.0000,  0.0000,  0.0000,  0.0000,  0.0000,  0.0000,
          0.0000,  0.0000,  0.0000,  0.0000,  0.0000,  0.0000,  0.0000,  0.0000,
          0.0000,  0.0000,  0.0000,  0.0000,  0.0000],
        [ 0.0000,  0.0000,  0.0000,  0.0000,  0.0000,  0.0000,  0.0000,  0.0000,
          0.0000,  0.0000,  0.0000,  0.0000,  0.0000,  0.0000,  0.0000,  0.0000,
          0.0000,  0.0000,  0.0000,  0.0000,  0.0000],
        [-0.0007, -0.0033, -0.0000, -0.0023, -0.0000, -0.0007, -0.0000, -0.0006,
         -0.0000, -0.0000, -0.0000, -0.0000, -0.0020, -0.0000, -0.0038, -0.0013,
         -0.0029, -0.0000, -0.0022, -0.0006, -0.0000],
        [-0.0011, -0.0050, -0.0000, -0.0036, -0.0000, -0.0010, -0.0000, -0.0009,
         -0.0000, -0.0000, -0.0000, -0.0000, -0.0030, -0.0000, -0.0058, -0.0020,
         -0.0044, -0.0000, -0.0033, -0.0009, -0.0000],
        [ 0.0042,  0.0187,  0.0000,  0.0133,  0.0000,  0.0038,  0.0000,  0.0035,
          0.0000,  0.0000,  0.0000,  0.0000,  0.0112,  0.0000,  0.0217,  0.0073,
          0.0165,  0.0000,  0.0124,  0.0033,  0.0000],
        [ 0.0000,  0.0000,  0.0000,  0.0000,  0.0000,  0.0000,  0.0000,  0.0000,
          0.0000,  0.0000,  0.0000,  0.0000,  0.0000,  0.0000,  0.0000,  0.0000,
          0.0000,  0.0000,  0.0000,  0.0000,  0.0000],
        [ 0.0000,  0.0000,  0.0000,  0.0000,  0.0000,  0.0000,  0.0000,  0.0000,
          0.0000,  0.0000,  0.0000,  0.0000,  0.0000,  0.0000,  0.0000,  0.0000,
          0.0000,  0.0000,  0.0000,  0.0000,  0.0000],
        [ 0.0000,  0.0000,  0.0000,  0.0000,  0.0000,  0.0000,  0.0000,  0.0000,
          0.0000,  0.0000,  0.0000,  0.0000,  0.0000,  0.0000,  0.0000,  0.0000,
          0.0000,  0.0000,  0.0000,  0.0000,  0.0000],
        [ 0.0000,  0.0000,  0.0000,  0.0000,  0.0000,  0.0000,  0.0000,  0.0000,
          0.0000,  0.0000,  0.0000,  0.0000,  0.0000,  0.0000,  0.0000,  0.0000,
          0.0000,  0.0000,  0.0000,  0.0000,  0.0000],
        [ 0.0051,  0.0225,  0.0000,  0.0160,  0.0000,  0.0046,  0.0000,  0.0042,
          0.0000,  0.0000,  0.0000,  0.0000,  0.0135,  0.0000,  0.0261,  0.0088,
          0.0199,  0.0000,  0.0149,  0.0039,  0.0000],
        [ 0.0000,  0.0000,  0.0000,  0.0000,  0.0000,  0.0000,  0.0000,  0.0000,
          0.0000,  0.0000,  0.0000,  0.0000,  0.0000,  0.0000,  0.0000,  0.0000,
          0.0000,  0.0000,  0.0000,  0.0000,  0.0000],
        [ 0.0000,  0.0000,  0.0000,  0.0000,  0.0000,  0.0000,  0.0000,  0.0000,
          0.0000,  0.0000,  0.0000,  0.0000,  0.0000,  0.0000,  0.0000,  0.0000,
          0.0000,  0.0000,  0.0000,  0.0000,  0.0000],
        [ 0.0000,  0.0000,  0.0000,  0.0000,  0.0000,  0.0000,  0.0000,  0.0000,
          0.0000,  0.0000,  0.0000,  0.0000,  0.0000,  0.0000,  0.0000,  0.0000,
          0.0000,  0.0000,  0.0000,  0.0000,  0.0000],
        [ 0.0018,  0.0081,  0.0000,  0.0058,  0.0000,  0.0017,  0.0000,  0.0015,
          0.0000,  0.0000,  0.0000,  0.0000,  0.0049,  0.0000,  0.0094,  0.0032,
          0.0072,  0.0000,  0.0054,  0.0014,  0.0000],
        [ 0.0002,  0.0010,  0.0000,  0.0007,  0.0000,  0.0002,  0.0000,  0.0002,
          0.0000,  0.0000,  0.0000,  0.0000,  0.0006,  0.0000,  0.0011,  0.0004,
          0.0009,  0.0000,  0.0006,  0.0002,  0.0000],
        [-0.0030, -0.0131, -0.0000, -0.0093, -0.0000, -0.0027, -0.0000, -0.0025,
         -0.0000, -0.0000, -0.0000, -0.0000, -0.0079, -0.0000, -0.0152, -0.0051,
         -0.0115, -0.0000, -0.0087, -0.0023, -0.0000],
        [ 0.0000,  0.0000,  0.0000,  0.0000,  0.0000,  0.0000,  0.0000,  0.0000,
          0.0000,  0.0000,  0.0000,  0.0000,  0.0000,  0.0000,  0.0000,  0.0000,
          0.0000,  0.0000,  0.0000,  0.0000,  0.0000],
        [ 0.0046,  0.0204,  0.0000,  0.0145,  0.0000,  0.0042,  0.0000,  0.0038,
          0.0000,  0.0000,  0.0000,  0.0000,  0.0122,  0.0000,  0.0236,  0.0080,
          0.0180,  0.0000,  0.0135,  0.0035,  0.0000],
        [ 0.0000,  0.0000,  0.0000,  0.0000,  0.0000,  0.0000,  0.0000,  0.0000,
          0.0000,  0.0000,  0.0000,  0.0000,  0.0000,  0.0000,  0.0000,  0.0000,
          0.0000,  0.0000,  0.0000,  0.0000,  0.0000]])
Layer 10 auto_bias is
tensor([ 0.0000,  0.0000,  0.0000,  0.0000, -0.0163, -0.0250,  0.0932,  0.0000,
         0.0000,  0.0000,  0.0000,  0.1121,  0.0000,  0.0000,  0.0000,  0.0404,
         0.0048, -0.0652,  0.0000,  0.1014,  0.0000])
Layer 11 auto_weight is
tensor([[ 0.0000,  0.0000,  0.0000,  0.0000, -0.0525, -0.0584, -0.0404,  0.0000,
          0.0000,  0.0000,  0.0000, -0.0705,  0.0000,  0.0000,  0.0000, -0.0599,
         -0.1235, -0.0917,  0.0000, -0.0150,  0.0000]])
Layer 11 auto_bias is
tensor([-0.5308])
